2 1
3 2
4 1
5 1
7 1
10 2
11 2
12 1
13 1
14 2
15 1
16 1
17 3
20 1
21 1
22 1
23 1
25 3
26 1
30 1
32 1
33 1
35 1
37 2
38 3
39 1
40 1
41 1
43 2
45 3
46 3
47 2
48 1
50 1
51 1
52 1
53 1
54 2
55 4
56 1
58 3
59 1
61 3
62 2
63 3
64 2
65 1
66 1
67 1
68 1
71 2
73 1
76 1
77 1
81 2
82 2
83 3
84 1
86 1
87 1
88 1
89 1
90 1
94 1
96 2
97 1
98 1
99 1
100 1
101 2
103 1
104 1
106 1
109 2
110 1
112 1
113 2
114 1
116 1
117 1
119 2
121 1
124 2
125 2
128 2
129 1
130 1
132 2
136 2
137 1
139 2
140 2
141 1
142 1
145 1
150 2
151 2
152 1
153 1
154 1
155 1
158 3
160 4
161 1
162 1
164 2
165 2
166 1
167 2
168 1
170 2
175 2
176 1
182 2
183 1
184 1
185 2
186 3
189 1
190 1
191 1
192 1
193 2
195 1
196 1
198 1
199 1
200 1
201 1
202 1
203 2
204 2
205 1
207 1
211 1
212 1
215 1
216 1
219 1
222 2
224 1
225 2
227 1
230 1
232 1
233 1
234 1
235 2
237 1
238 1
239 2
240 1
241 1
242 2
243 1
247 1
249 1
250 1
253 3
254 2
257 2
258 1
259 1
263 2
264 3
266 1
268 2
270 2
272 2
277 2
281 2
283 4
284 1
290 1
291 1
292 1
294 1
296 1
298 1
299 1
301 1
304 2
305 1
306 2
309 1
310 1
312 1
313 1
315 1
316 2
317 1
319 2
322 2
324 1
325 3
326 1
327 1
328 5
330 1
331 2
332 1
333 2
334 1
335 2
336 3
337 1
338 1
339 1
340 1
343 1
349 1
352 1
353 3
354 1
356 1
358 2
359 1
362 1
363 2
364 1
365 1
366 1
367 1
369 1
370 1
371 2
373 1
374 1
375 1
376 1
377 2
379 2
380 4
381 2
383 1
385 2
386 2
388 1
390 1
392 1
393 1
394 1
395 1
398 1
401 1
402 3
403 1
404 2
406 1
407 1
409 1
414 1
416 1
417 2
419 1
420 3
422 1
423 2
424 1
426 2
428 1
429 2
430 1
431 1
432 2
433 2
434 1
435 1
439 2
440 2
443 2
444 1
445 2
448 1
449 1
450 1
452 2
453 3
454 1
459 3
460 1
462 1
463 1
464 1
465 1
466 1
468 1
470 1
471 1
472 1
474 1
475 1
478 1
480 2
485 1
486 1
488 2
489 2
490 1
492 1
493 1
494 1
495 1
496 2
498 4
500 2
501 4
502 1
503 1
504 3
506 1
509 1
510 1
513 1
515 4
516 2
518 1
519 1
520 3
521 1
523 1
524 1
525 3
526 2
529 1
532 1
533 1
534 2
535 2
537 2
538 2
539 2
541 1
545 1
547 2
548 1
549 1
550 1
551 3
552 1
555 1
556 2
557 3
558 3
560 1
562 1
565 1
567 1
570 1
571 4
572 1
576 1
578 1
580 3
581 2
585 1
587 1
588 1
589 2
590 1
591 1
593 1
594 2
595 2
597 1
598 1
602 1
603 1
607 1
609 1
610 1
611 2
612 1
618 1
620 2
622 2
624 2
628 1
630 1
633 1
635 1
636 1
639 1
640 1
641 1
643 1
645 2
646 1
649 1
650 1
651 1
652 1
654 2
655 1
656 2
657 2
658 2
659 2
662 1
664 1
665 1
666 1
668 3
670 1
671 1
672 1
673 3
677 1
678 1
680 2
682 1
684 3
685 1
686 2
688 2
689 2
690 3
691 2
695 2
696 1
697 1
698 1
700 2
702 1
703 1
704 1
705 1
706 2
708 4
709 1
710 2
712 2
716 1
718 1
720 1
721 4
722 1
723 1
724 1
725 1
727 1
729 1
730 1
731 1
732 1
733 1
737 3
739 2
740 1
742 7
743 1
744 1
745 1
746 2
747 3
748 3
749 1
750 1
751 1
752 2
753 1
755 1
756 1
757 1
758 1
759 1
760 3
761 1
762 1
764 2
767 1
770 3
772 1
773 3
774 2
775 3
776 1
777 1
778 2
779 1
781 1
782 1
783 1
785 1
786 1
787 1
792 1
793 1
794 2
796 3
798 1
800 1
802 1
803 2
808 1
810 1
811 1
813 1
814 1
816 1
817 3
819 2
820 1
827 2
828 1
829 1
831 1
832 1
833 2
835 2
836 2
837 2
838 1
839 2
840 1
841 3
842 2
845 1
846 1
849 1
850 3
851 1
852 3
854 3
857 1
858 1
860 3
861 1
862 1
866 1
867 1
869 1
871 3
872 1
874 1
878 1
883 1
885 2
886 1
888 1
889 2
890 1
891 1
894 2
896 1
898 3
905 1
907 2
910 1
912 2
913 1
914 1
916 3
918 1
919 1
920 2
922 1
923 1
924 2
926 3
928 2
930 1
931 1
932 1
933 1
934 1
936 2
937 3
938 1
941 2
942 3
944 1
946 1
947 2
948 1
949 2
950 3
952 6
953 2
954 3
955 2
957 1
960 1
964 1
965 2
968 3
969 2
971 1
974 2
975 1
979 1
980 2
981 2
983 2
985 1
991 1
992 1
993 2
994 1
995 1
997 1
998 2
1001 3
1005 2
1006 1
1008 2
1012 1
1014 1
1016 5
1018 1
1019 2
1020 1
1022 1
1024 2
1027 2
1028 2
1031 3
1032 1
1033 2
1035 1
1036 1
1038 1
1039 1
1040 1
1041 2
1042 1
1043 1
1044 3
1045 1
1046 1
1049 1
1050 1
1051 2
1052 1
1054 1
1055 3
1056 2
1058 1
1060 4
1065 2
1066 1
1067 2
1068 1
1069 2
1070 2
1071 2
1072 2
1074 1
1075 1
1076 3
1077 2
1078 1
1079 1
1081 1
1082 1
1084 1
1088 1
1089 2
1090 1
1091 1
1092 1
1093 2
1094 1
1095 1
1096 2
1098 2
1099 2
1101 1
1102 2
1104 2
1106 2
1112 2
1113 1
1117 2
1119 1
1121 2
1123 3
1124 1
1125 1
1126 1
1127 1
1128 1
1129 1
1130 3
1131 1
1132 1
1133 1
1135 2
1136 1
1137 1
1139 2
1140 3
1141 1
1142 1
1143 1
1144 1
1145 1
1149 1
1150 1
1151 1
1153 2
1155 3
1156 1
1157 4
1159 2
1160 2
1162 1
1164 1
1166 2
1168 2
1169 2
1175 3
1176 1
1177 1
1178 1
1179 2
1182 2
1183 1
1185 2
1186 1
1187 1
1189 2
1192 2
1193 2
1194 1
1195 1
1199 1
1200 2
1201 2
1202 2
1203 2
1208 2
1209 1
1210 1
1212 2
1213 1
1214 1
1219 2
1220 1
1221 1
1223 1
1225 1
1226 3
1227 1
1228 1
1229 2
1232 1
1236 1
1238 1
1240 1
1242 2
1245 1
1252 1
1254 1
1256 1
1257 1
1260 1
1262 1
1264 1
1265 2
1266 1
1267 2
1269 1
1270 1
1273 1
1274 2
1276 1
1277 1
1278 1
1281 3
1282 1
1283 2
1285 1
1287 1
1288 2
1289 3
1293 3
1295 2
1296 2
1298 1
1299 1
1301 1
1302 1
1303 2
1306 2
1307 1
1309 2
1311 1
1312 2
1314 1
1315 1
1316 2
1320 1
1321 2
1323 3
1325 2
1331 2
1333 1
1335 2
1336 1
1338 1
1339 1
1342 2
1343 2
1344 1
1347 1
1348 3
1349 1
1350 1
1351 2
1353 1
1357 2
1361 1
1366 1
1367 2
1368 1
1369 1
1371 1
1372 1
1374 1
1375 4
1378 2
1379 1
1381 1
1382 1
1385 2
1386 1
1387 2
1391 1
1392 2
1394 2
1396 4
1398 2
1399 1
1400 1
1404 1
1406 4
1410 2
1411 2
1414 2
1415 1
1416 2
1418 2
1419 1
1420 2
1422 1
1424 4
1426 2
1428 1
1429 2
1431 1
1432 2
1435 2
1436 1
1437 1
1438 2
1440 2
1441 2
1442 2
1445 1
1446 1
1447 1
1451 1
1452 4
1453 1
1454 1
1455 3
1458 1
1459 2
1461 2
1463 2
1464 2
1465 3
1466 1
1468 1
1473 2
1475 2
1477 1
1478 1
1479 1
1482 1
1484 1
1485 1
1486 2
1487 3
1488 1
1491 2
1492 1
1494 1
1495 2
1496 2
1498 2
1499 4
1500 1
1501 2
1502 1
1506 1
1508 1
1510 1
1511 2
1512 2
1513 2
1515 1
1518 2
1519 1
1520 4
1525 1
1528 2
1529 1
1531 1
1533 3
1534 2
1535 1
1536 3
1538 2
1539 1
1540 2
1542 1
1545 2
1546 1
1548 1
1551 1
1552 3
1556 1
1558 2
1559 2
1561 3
1564 2
1565 1
1566 4
1567 2
1568 3
1570 1
1573 1
1575 1
1577 1
1578 1
1579 2
1580 2
1582 1
1584 1
1585 1
1589 1
1593 2
1596 2
1597 1
1599 1
1600 1
1601 1
1602 1
1603 2
1604 1
1606 2
1607 1
1608 2
1611 1
1612 3
1614 1
1615 2
1616 1
1619 1
1621 2
1624 3
1625 3
1626 2
1629 1
1631 1
1632 2
1633 3
1635 1
1636 1
1637 1
1638 1
1639 1
1640 3
1641 1
1642 1
1644 2
1645 1
1647 1
1648 4
1652 1
1653 2
1654 1
1655 1
1658 1
1660 1
1661 1
1664 2
1665 1
1668 1
1669 1
1671 2
1674 2
1675 3
1679 1
1682 2
1683 1
1686 1
1687 1
1688 1
1692 1
1693 1
1694 1
1695 2
1698 1
1699 1
1700 1
1702 1
1703 2
1705 2
1706 3
1707 1
1708 1
1709 2
1710 1
1711 2
1713 1
1714 1
1716 1
1718 2
1719 3
1720 1
1721 1
1722 1
1723 1
1724 1
1725 2
1728 2
1729 1
1730 1
1731 1
1733 2
1736 3
1739 4
1741 2
1744 2
1746 1
1749 2
1752 1
1753 2
1754 2
1755 3
1756 1
1757 5
1758 2
1761 1
1764 1
1765 1
1766 2
1767 1
1768 2
1770 1
1771 1
1773 2
1775 1
1776 1
1782 1
1784 1
1785 1
1786 3
1788 2
1791 1
1792 1
1793 1
1794 1
1796 2
1797 1
1798 1
1799 2
1800 1
1801 1
1802 1
1803 2
1805 4
1808 1
1809 1
1811 1
1812 1
1814 1
1815 2
1818 2
1822 1
1824 2
1827 1
1828 2
1830 1
1831 1
1832 3
1833 1
1835 1
1837 2
1839 1
1840 3
1841 2
1842 1
1850 1
1851 1
1852 1
1853 2
1854 1
1856 2
1857 1
1859 1
1860 1
1861 2
1863 1
1865 2
1866 2
1867 1
1868 2
1872 1
1874 2
1875 2
1878 1
1879 1
1881 1
1883 1
1886 1
1887 1
1888 1
1890 1
1891 1
1892 1
1893 1
1894 1
1895 2
1897 2
1898 2
1902 1
1903 1
1904 4
1908 1
1909 3
1910 1
1912 2
1913 1
1914 1
1916 1
1919 2
1920 1
1921 1
1922 1
1926 1
1927 2
1929 2
1930 3
1931 2
1933 1
1936 2
1937 1
1939 1
1940 1
1942 2
1944 1
1945 2
1947 2
1948 1
1949 3
1950 1
1952 1
1953 2
1954 3
1955 2
1956 1
1958 2
1960 3
1961 2
1962 1
1964 1
1965 1
1967 1
1968 1
1969 1
1971 2
1974 2
1975 1
1976 1
1977 2
1978 1
1979 1
1980 2
1982 1
1984 2
1985 2
1986 1
1988 1
1989 1
1990 1
1991 1
1993 2
1994 3
1996 2
2002 3
2004 1
2005 2
2006 1
2008 1
2009 4
2012 1
2015 2
2018 1
2020 1
2022 1
2023 1
2024 1
2025 2
2026 1
2027 1
2028 2
2029 1
2031 1
2034 1
2036 2
2037 1
2039 2
2041 1
2043 1
2045 1
2047 2
2048 2
2050 1
2052 1
2053 1
2054 1
2056 1
2057 1
2059 1
2061 4
2063 4
2065 2
2067 2
2068 1
2070 1
2071 2
2072 1
2074 2
2075 1
2076 1
2078 1
2080 3
2083 1
2084 1
2085 3
2087 2
2089 2
2091 1
2092 1
2093 1
2094 2
2095 1
2096 1
2098 3
2099 2
2101 1
2103 1
2104 1
2105 1
2106 1
2107 1
2111 1
2112 1
2114 2
2115 2
2118 1
2119 1
2120 3
2121 2
2122 2
2123 1
2125 1
2126 3
2128 2
2130 1
2131 1
2132 2
2135 2
2136 2
2137 1
2138 2
2143 1
2144 1
2148 3
2150 1
2152 1
2153 2
2157 2
2159 2
2161 1
2165 1
2166 1
2168 1
2169 2
2170 2
2172 2
2173 3
2176 2
2177 1
2180 2
2183 1
2186 2
2189 1
2190 1
2191 1
2192 1
2193 2
2194 2
2197 1
2198 1
2199 1
2201 1
2202 1
2203 2
2204 1
2206 1
2207 1
2208 2
2210 2
2211 1
2214 2
2215 2
2217 2
2218 1
2221 1
2222 2
2226 1
2227 2
2229 1
2231 1
2232 3
2235 1
2236 1
2237 1
2238 1
2240 1
2241 1
2242 1
2243 1
2244 1
2246 3
2249 1
2250 1
2251 1
2252 2
2253 2
2254 2
2256 1
2258 2
2260 1
2261 1
2262 1
2263 1
2265 1
2267 3
2270 1
2271 1
2272 1
2275 1
2277 1
2278 1
2280 1
2281 1
2282 2
2287 1
2289 1
2290 1
2292 1
2296 1
2298 2
2301 1
2302 2
2306 1
2307 2
2308 1
2309 1
2310 1
2311 2
2312 1
2314 1
2315 1
2316 2
2317 1
2319 1
2320 2
2321 2
2322 1
2324 3
2325 1
2326 2
2327 1
2328 2
2330 2
2331 1
2332 2
2333 1
2334 1
2335 1
2336 2
2337 1
2338 1
2339 1
2340 3
2341 1
2343 1
2344 1
2346 2
2348 1
2349 1
2350 1
2353 1
2355 1
2356 1
2359 1
2360 1
2361 1
2362 3
2363 1
2366 1
2368 2
2369 4
2370 2
2371 1
2372 1
2374 1
2375 1
2376 2
2377 2
2378 1
2380 1
2381 1
2385 1
2386 1
2387 1
2388 1
2389 2
2390 1
2391 1
2394 2
2397 3
2398 2
2399 2
2402 1
2404 5
2406 1
2410 1
2411 1
2415 1
2416 1
2417 1
2418 3
2420 1
2422 2
2424 1
2425 1
2427 1
2433 2
2435 1
2436 1
2437 2
2438 1
2442 1
2443 2
2444 2
2446 2
2447 3
2451 3
2452 2
2453 2
2454 1
2455 4
2456 1
2458 1
2460 1
2461 3
2463 1
2465 1
2466 2
2467 1
2468 2
2469 2
2470 1
2472 1
2473 1
2475 1
2476 4
2478 1
2480 2
2484 1
2486 4
2489 1
2490 3
2491 1
2492 1
2496 2
2498 1
2500 1
2501 2
2503 1
2504 3
2505 1
2507 1
2510 2
2514 2
2515 2
2518 1
2519 1
2520 2
2522 1
2524 1
2528 1
2531 1
2533 4
2534 1
2535 2
2541 1
2542 2
2546 1
2547 3
2549 1
2552 1
2553 1
2555 2
2556 1
2558 1
2561 1
2569 2
2571 2
2572 2
2573 1
2574 1
2575 1
2576 2
2578 3
2579 1
2580 2
2582 2
2587 1
2590 1
2591 3
2592 2
2593 2
2595 1
2596 1
2601 1
2602 2
2603 1
2604 1
2605 1
2607 1
2608 1
2610 1
2611 2
2612 4
2615 1
2617 1
2621 2
2622 1
2623 1
2625 2
2626 1
2628 1
2629 1
2631 2
2633 2
2634 1
2635 1
2636 3
2637 1
2639 2
2641 1
2644 3
2645 1
2646 3
2647 1
2648 2
2649 2
2650 2
2651 1
2652 2
2653 2
2654 4
2655 1
2656 1
2657 1
2658 2
2659 1
2660 4
2662 1
2664 1
2666 1
2667 1
2668 1
2669 1
2671 1
2672 1
2673 1
2674 2
2675 1
2676 1
2677 1
2678 1
2679 2
2680 1
2681 1
2682 3
2683 2
2684 3
2687 1
2688 1
2689 2
2690 1
2693 1
2694 2
2695 3
2696 1
2697 1
2698 1
2699 2
2702 1
2703 1
2704 1
2707 1
2709 1
2711 1
2713 1
2715 1
2717 1
2718 1
2720 2
2723 1
2725 1
2726 1
2730 2
2731 1
2732 1
2733 2
2734 1
2735 1
2736 1
2738 1
2740 1
2741 2
2742 2
2747 2
2749 1
2750 1
2751 3
2752 1
2753 1
2755 5
2756 1
2757 1
2758 2
2759 1
2760 1
2762 1
2763 1
2764 1
2767 1
2769 2
2770 2
2771 1
2773 4
2775 1
2777 1
2778 1
2780 1
2783 1
2784 1
2785 1
2786 1
2788 1
2789 1
2791 1
2792 1
2793 2
2794 1
2795 2
2796 1
2798 2
2799 1
2801 1
2802 2
2803 1
2804 1
2805 1
2806 1
2811 2
2812 1
2813 3
2814 1
2815 2
2816 1
2820 2
2821 2
2822 1
2823 1
2825 2
2827 1
2828 2
2829 1
2830 1
2833 1
2834 1
2837 1
2840 1
2842 2
2843 1
2844 1
2846 3
2851 3
2852 1
2854 2
2855 3
2856 1
2857 1
2858 2
2859 2
2861 1
2864 1
2867 1
2869 1
2870 1
2871 1
2873 1
2875 2
2878 2
2879 1
2881 2
2883 1
2884 3
2888 1
2889 1
2890 2
2891 1
2892 2
2897 1
2899 1
2900 1
2901 1
2902 2
2903 1
2904 2
2906 1
2907 1
2909 1
2910 1
2911 2
2912 2
2913 1
2915 1
2916 1
2917 3
2918 1
2919 2
2920 2
2925 2
2927 2
2929 1
2930 1
2931 3
2933 1
2934 2
2935 1
2937 1
2939 1
2940 1
2942 2
2943 1
2945 2
2947 1
2948 1
2949 1
2950 1
2953 2
2954 1
2955 1
2957 1
2958 2
2959 1
2960 1
2964 1
2966 1
2970 2
2971 1
2973 1
2974 2
2975 1
2976 4
2977 1
2978 1
2979 1
2981 1
2984 2
2985 2
2989 1
2990 1
2994 1
2995 1
2996 2
2997 3
3000 2
3002 3
3003 1
3006 1
3007 1
3010 1
3011 1
3013 1
3014 1
3016 1
3018 1
3020 1
3021 2
3022 1
3023 2
3024 1
3027 1
3030 1
3031 2
3032 1
3035 2
3040 2
3041 1
3042 1
3043 2
3044 2
3045 2
3047 3
3051 2
3052 1
3054 1
3055 1
3056 1
3057 1
3058 2
3061 1
3062 2
3063 2
3064 2
3065 1
3066 1
3067 1
3068 2
3069 1
3070 3
3072 2
3074 1
3075 1
3078 1
3079 1
3082 1
3083 1
3084 1
3086 1
3087 2
3089 1
3090 1
3092 1
3095 1
3096 1
3097 1
3098 1
3100 1
3101 1
3102 1
3103 1
3104 1
3105 3
3107 1
3109 1
3110 1
3113 2
3115 1
3119 2
3120 3
3122 1
3127 1
3130 2
3132 2
3133 1
3134 1
3135 2
3139 1
3142 2
3143 1
3144 1
3146 1
3147 2
3148 2
3150 1
3151 1
3153 1
3157 1
3158 1
3160 1
3162 3
3163 1
3166 2
3167 1
3168 2
3169 3
3170 2
3172 1
3173 1
3174 1
3175 1
3178 2
3179 2
3180 1
3181 1
3182 4
3183 1
3184 2
3185 1
3186 1
3187 1
3188 1
3189 4
3190 4
3191 1
3192 2
3193 2
3195 3
3196 1
3197 1
3198 1
3199 1
3200 3
3201 1
3202 2
3203 3
3204 3
3206 1
3208 2
3210 1
3211 2
3212 1
3213 2
3215 3
3216 1
3217 1
3219 4
3220 1
3221 1
3222 1
3223 2
3225 2
3227 1
3228 1
3229 1
3231 1
3232 1
3233 1
3234 1
3239 1
3240 1
3242 1
3243 1
3244 1
3246 2
3249 1
3250 2
3251 1
3252 1
3254 2
3255 1
3256 2
3257 1
3258 1
3259 2
3260 1
3261 1
3262 2
3264 2
3266 2
3267 1
3269 1
3271 2
3272 2
3275 1
3277 1
3278 2
3281 1
3282 1
3285 2
3287 2
3289 1
3290 2
3293 1
3294 1
3297 1
3298 1
3299 1
3300 2
3301 1
3305 1
3307 2
3308 1
3309 1
3310 1
3311 1
3312 1
3313 1
3314 1
3318 3
3320 1
3321 1
3322 1
3324 2
3325 2
3326 1
3327 2
3329 2
3332 1
3333 1
3335 3
3336 1
3337 2
3338 1
3339 1
3340 3
3341 1
3342 2
3343 2
3345 1
3349 2
3352 1
3353 1
3354 1
3355 1
3357 1
3359 1
3360 1
3361 1
3362 1
3363 2
3364 1
3369 2
3370 1
3373 2
3374 1
3376 1
3377 1
3380 3
3381 1
3382 1
3383 2
3384 2
3385 1
3386 2
3387 1
3389 3
3391 2
3392 2
3393 2
3394 2
3395 3
3396 2
3398 1
3400 1
3401 1
3403 2
3405 2
3406 1
3408 4
3410 2
3412 1
3413 2
3416 1
3417 1
3420 1
3421 2
3423 2
3425 1
3426 2
3427 3
3428 3
3429 1
3430 1
3432 1
3435 1
3437 1
3439 1
3440 1
3441 3
3443 2
3445 2
3446 1
3448 2
3449 4
3453 1
3454 2
3455 1
3456 1
3458 2
3461 1
3462 1
3463 2
3464 1
3465 1
3466 1
3467 2
3469 5
3470 1
3471 2
3472 2
3477 1
3478 1
3480 2
3484 2
3485 2
3486 3
3487 1
3492 1
3493 1
3494 1
3496 2
3497 1
3499 4
3500 3
3501 2
3502 1
3503 2
3504 2
3505 2
3506 1
3508 1
3511 1
3514 1
3515 1
3516 2
3517 1
3519 3
3520 3
3522 1
3524 1
3525 1
3526 3
3527 4
3528 1
3529 1
3530 1
3531 1
3534 2
3536 2
3537 2
3538 1
3539 1
3541 1
3542 1
3543 3
3544 1
3545 3
3547 1
3550 1
3551 1
3553 1
3554 1
3555 2
3556 1
3558 1
3559 3
3560 1
3562 1
3567 1
3569 1
3570 2
3571 2
3572 1
3573 2
3576 2
3578 1
3579 4
3580 1
3581 2
3582 3
3583 1
3587 1
3588 1
3590 1
3591 2
3593 4
3594 1
3595 1
3596 1
3598 1
3599 1
3601 1
3602 1
3603 1
3606 1
3607 1
3608 2
3610 1
3611 1
3613 2
3615 2
3616 1
3620 3
3621 1
3627 1
3628 1
3630 1
3634 1
3635 1
3636 1
3637 3
3638 1
3642 2
3643 2
3644 3
3647 1
3648 1
3650 1
3651 1
3652 1
3657 1
3658 5
3659 1
3660 3
3661 1
3662 2
3663 2
3667 1
3669 1
3671 1
3672 1
3673 1
3675 2
3677 2
3678 1
3679 1
3681 1
3683 1
3684 2
3687 3
3688 7
3689 3
3690 1
3692 3
3693 1
3694 3
3695 1
3697 1
3698 1
3699 2
3700 1
3701 1
3705 1
3706 1
3707 1
3709 1
3713 2
3715 1
3716 1
3719 2
3720 1
3721 1
3722 1
3723 2
3725 1
3727 3
3728 1
3729 1
3734 1
3735 3
3738 1
3739 1
3740 2
3741 2
3742 1
3743 3
3744 1
3745 2
3746 1
3747 1
3750 2
3751 1
3752 2
3756 2
3757 1
3758 2
3759 1
3760 1
3763 1
3765 1
3766 1
3767 2
3769 1
3770 1
3771 1
3774 2
3777 1
3779 1
3780 1
3781 1
3782 2
3785 1
3786 1
3787 2
3789 1
3790 3
3792 3
3794 2
3798 1
3800 2
3801 1
3803 1
3805 1
3806 1
3810 1
3811 3
3812 1
3814 1
3815 3
3817 2
3818 1
3819 2
3820 1
3822 1
3825 1
3827 2
3831 2
3833 2
3834 1
3835 2
3838 2
3841 2
3843 2
3846 3
3847 1
3849 1
3851 1
3852 1
3853 2
3854 1
3855 1
3856 1
3857 1
3858 1
3859 2
3860 1
3861 1
3862 1
3864 1
3866 1
3867 3
3873 1
3874 1
3876 1
3878 1
3879 1
3880 3
3881 1
3882 1
3885 1
3886 1
3887 1
3889 2
3890 1
3891 1
3892 1
3893 1
3894 1
3895 1
3897 2
3899 1
3900 3
3904 1
3906 1
3907 3
3908 1
3909 1
3910 1
3912 1
3913 2
3915 1
3917 1
3919 1
3922 1
3926 2
3927 3
3928 3
3929 3
3930 1
3931 2
3932 1
3933 1
3935 1
3936 1
3937 1
3939 1
3940 2
3941 1
3942 2
3943 1
3944 1
3945 1
3946 2
3948 1
3949 1
3950 1
3951 1
3952 2
3953 2
3955 1
3956 1
3959 3
3960 2
3962 1
3964 1
3966 1
3967 1
3969 1
3970 1
3973 2
3975 2
3977 3
3978 1
3979 3
3980 1
3983 2
3987 2
3989 4
3990 1
3993 1
3994 3
3995 1
3996 2
3999 1
4000 2
4003 1
4004 1
4005 1
4006 1
4009 1
4010 2
4011 1
4015 1
4017 2
4020 1
4021 1
4022 1
4024 1
4025 1
4027 1
4028 1
4031 2
4034 2
4036 3
4037 1
4039 1
4040 1
4042 1
4043 2
4045 3
4047 1
4048 1
4050 1
4051 1
4053 1
4054 2
4055 1
4056 1
4058 1
4059 1
4060 1
4061 1
4064 1
4067 4
4071 1
4072 1
4073 1
4076 1
4077 1
4078 1
4079 1
4081 1
4082 3
4083 1
4085 2
4086 1
4088 2
4089 1
4090 2
4091 1
4093 2
4096 1
4098 2
4100 1
4101 1
4104 1
4105 2
4106 1
4108 2
4109 1
4111 1
4112 4
4113 3
4114 2
4115 1
4116 2
4117 1
4119 1
4120 2
4121 1
4125 3
4127 1
4128 2
4129 1
4130 2
4131 1
4133 1
4135 1
4137 3
4144 1
4145 1
4146 2
4148 2
4151 1
4152 1
4154 1
4156 2
4157 1
4158 2
4165 1
4167 1
4169 1
4170 1
4171 3
4172 1
4173 1
4176 1
4178 2
4179 1
4181 1
4182 1
4185 1
4186 1
4187 1
4188 2
4190 1
4191 1
4192 1
4193 1
4194 1
4196 1
4197 2
4198 1
4199 2
4200 2
4201 4
4202 1
4203 1
4205 2
4209 2
4210 2
4212 1
4213 2
4214 1
4215 2
4217 1
4218 1
4219 1
4221 1
4223 1
4227 1
4230 1
4233 3
4234 1
4235 4
4236 3
4238 2
4239 3
4240 2
4241 1
4242 1
4246 1
4247 2
4248 1
4250 2
4251 1
4252 1
4253 2
4254 1
4255 1
4256 2
4257 1
4258 1
4259 2
4261 1
4262 2
4263 2
4264 1
4265 1
4266 1
4267 1
4268 1
4271 1
4272 2
4274 2
4276 1
4280 1
4281 1
4282 1
4283 1
4284 2
4286 2
4287 1
4289 1
4290 2
4292 1
4294 2
4295 1
4297 1
4298 3
4299 1
4300 1
4301 1
4302 1
4303 2
4304 3
4305 1
4306 1
4307 2
4310 1
4312 1
4316 2
4317 1
4320 1
4321 2
4322 2
4323 1
4326 1
4327 2
4328 1
4329 1
4331 1
4332 1
4333 1
4334 1
4337 2
4340 1
4341 2
4343 3
4345 1
4347 1
4348 2
4349 3
4350 1
4352 2
4354 4
4355 1
4356 1
4358 1
4359 1
4360 2
4361 3
4363 3
4364 1
4367 1
4368 1
4369 4
4370 1
4371 2
4373 3
4374 1
4375 2
4376 2
4380 1
4382 2
4383 1
4384 2
4386 3
4387 1
4388 2
4389 3
4390 2
4391 3
4393 2
4394 1
4396 2
4397 1
4398 1
4400 1
4401 2
4404 1
4405 1
4406 1
4408 3
4411 2
4415 1
4416 1
4418 1
4419 1
4420 4
4421 1
4422 1
4425 2
4430 1
4432 1
4433 1
4434 3
4437 1
4441 3
4442 1
4443 1
4445 1
4446 2
4447 1
4448 1
4452 3
4455 2
4456 2
4457 2
4458 3
4459 4
4460 1
4461 1
4462 1
4463 1
4467 2
4468 2
4470 1
4475 1
4476 1
4477 1
4479 1
4480 1
4481 1
4482 1
4484 1
4486 1
4487 1
4488 1
4490 1
4491 2
4492 1
4493 1
4496 1
4499 1
4501 3
4503 1
4504 1
4507 3
4508 1
4509 1
4510 1
4511 5
4513 1
4515 1
4516 1
4517 1
4518 3
4520 2
4521 1
4523 1
4524 2
4527 1
4529 1
4530 2
4533 1
4534 1
4535 1
4537 1
4539 3
4541 1
4542 4
4545 3
4547 2
4550 1
4551 3
4552 3
4553 2
4554 1
4555 1
4557 1
4558 1
4560 2
4561 1
4563 1
4564 1
4565 1
4566 3
4567 1
4568 1
4569 1
4571 1
4573 2
4574 5
4576 2
4578 1
4580 2
4581 2
4583 1
4584 1
4586 2
4587 1
4588 1
4592 1
4596 2
4598 1
4599 1
4600 1
4601 3
4603 2
4604 2
4605 2
4606 3
4607 2
4608 1
4609 3
4611 1
4612 2
4613 3
4615 1
4616 1
4619 2
4620 1
4621 1
4622 1
4632 1
4633 1
4636 2
4637 1
4638 2
4639 2
4640 1
4641 1
4642 2
4643 1
4644 2
4645 1
4646 2
4647 1
4648 1
4649 1
4650 1
4651 2
4652 1
4654 1
4656 1
4657 1
4660 1
4662 1
4664 5
4665 1
4667 1
4668 1
4671 2
4672 1
4676 2
4677 1
4680 2
4683 1
4685 2
4686 1
4687 1
4688 3
4689 1
4691 1
4692 1
4696 3
4698 1
4701 2
4702 2
4704 1
4706 2
4707 1
4708 2
4709 3
4710 2
4711 2
4713 4
4714 1
4716 2
4717 1
4718 2
4719 1
4722 2
4727 2
4729 1
4730 1
4731 1
4732 2
4733 1
4734 3
4737 1
4738 1
4739 2
4740 2
4741 1
4742 3
4743 2
4744 2
4745 2
4746 3
4749 2
4751 2
4753 2
4755 2
4756 2
4757 2
4758 1
4760 2
4762 1
4763 2
4764 2
4767 2
4768 1
4769 2
4771 1
4773 1
4774 2
4775 1
4776 1
4779 1
4780 2
4781 2
4786 1
4788 1
4789 1
4791 1
4795 1
4798 1
4799 1
4802 1
4803 3
4804 1
4807 3
4808 2
4810 4
4811 1
4812 1
4813 1
4814 2
4815 1
4817 1
4818 1
4820 1
4821 1
4822 1
4824 1
4826 2
4831 2
4832 1
4833 2
4834 1
4835 2
4837 3
4840 1
4843 1
4844 2
4845 1
4847 2
4848 2
4849 1
4851 1
4852 1
4853 1
4854 1
4856 1
4857 1
4858 1
4859 3
4863 1
4864 3
4870 2
4872 3
4873 1
4875 2
4876 1
4878 1
4880 1
4882 1
4884 1
4885 4
4886 1
4888 4
4889 1
4892 1
4893 1
4894 2
4895 1
4896 1
4899 1
4900 2
4901 2
4902 2
4903 1
4905 1
4906 3
4908 2
4909 3
4910 1
4912 1
4914 1
4915 1
4916 2
4917 3
4920 3
4921 2
4922 3
4925 1
4927 1
4928 1
4929 2
4930 1
4931 3
4932 1
4933 2
4937 1
4939 1
4940 2
4941 1
4942 4
4946 2
4947 1
4949 1
4950 1
4951 2
4952 1
4953 1
4954 2
4955 3
4956 1
4958 3
4959 1
4962 1
4964 1
4967 2
4968 1
4969 1
4970 1
4971 1
4972 1
4973 2
4974 1
4975 1
4976 4
4978 1
4979 2
4980 1
4982 1
4983 1
4984 2
4985 2
4986 2
4987 2
4988 1
4989 1
4992 2
4993 1
4995 2
4996 2
4998 2
4999 2
5000 1
5001 1
5003 1
5004 1
5006 1
5008 3
5009 1
5010 2
5012 1
5013 2
5014 1
5016 1
5018 3
5019 2
5021 1
5022 1
5023 1
5024 2
5026 1
5027 1
5028 1
5030 2
5031 1
5032 1
5034 2
5038 1
5039 3
5040 3
5041 1
5043 2
5044 1
5045 1
5047 2
5048 2
5050 2
5052 1
5053 2
5054 1
5056 1
5057 1
5060 2
5061 5
5062 2
5063 1
5070 3
5071 1
5072 1
5073 1
5075 2
5079 4
5080 1
5081 1
5082 1
5086 1
5087 1
5089 2
5090 2
5092 1
5093 2
5096 1
5098 2
5099 2
5101 1
5102 1
5105 1
5107 1
5108 1
5111 3
5112 1
5113 1
5118 3
5119 1
5122 1
5123 1
5124 2
5125 5
5127 1
5128 1
5129 2
5130 1
5133 2
5135 1
5136 1
5137 2
5138 1
5140 1
5141 1
5142 2
5143 1
5144 3
5145 1
5146 2
5148 3
5150 1
5151 2
5152 1
5154 1
5155 2
5157 3
5158 1
5159 1
5160 1
5161 1
5162 2
5163 2
5165 1
5167 2
5168 1
5169 1
5170 3
5171 2
5174 1
5176 1
5177 3
5179 1
5180 1
5181 2
5182 1
5183 3
5185 1
5188 1
5189 1
5190 1
5191 1
5193 2
5195 3
5197 1
5198 1
5199 2
5201 2
5205 2
5206 1
5209 1
5211 3
5213 1
5214 1
5216 2
5220 1
5221 2
5222 1
5223 1
5225 1
5226 2
5227 1
5229 1
5230 1
5232 3
5236 2
5240 1
5241 1
5242 2
5244 1
5245 3
5246 1
5247 1
5248 2
5249 1
5251 1
5252 1
5255 1
5258 1
5259 2
5260 2
5261 2
5264 2
5265 1
5267 1
5271 2
5273 2
5278 1
5279 3
5282 1
5283 1
5284 2
5285 2
5292 2
5293 1
5295 1
5296 3
5297 1
5298 2
5299 2
5302 1
5303 2
5304 1
5308 1
5310 3
5312 1
5315 1
5316 2
5317 1
5318 1
5320 2
5321 1
5324 1
5325 1
5328 1
5329 2
5332 1
5333 2
5336 1
5337 1
5338 2
5341 1
5343 2
5344 1
5345 2
5346 2
5348 1
5351 1
5352 1
5354 1
5355 2
5356 1
5357 1
5358 1
5364 2
5365 1
5366 1
5368 1
5369 2
5371 2
5374 3
5376 1
5378 3
5380 2
5381 1
5382 1
5385 1
5387 1
5388 3
5389 2
5394 2
5395 2
5396 2
5397 2
5402 2
5403 2
5404 1
5407 1
5408 1
5409 2
5413 1
5414 1
5415 1
5418 1
5421 1
5422 3
5423 1
5425 1
5427 1
5428 1
5431 1
5432 3
5434 1
5435 5
5437 3
5438 1
5440 1
5442 1
5443 1
5445 3
5446 1
5447 2
5449 2
5450 1
5451 1
5454 1
5456 1
5457 1
5458 1
5459 1
5461 3
5464 2
5465 2
5466 2
5468 2
5469 1
5470 2
5471 2
5472 3
5473 1
5474 1
5475 1
5476 3
5477 1
5479 1
5480 1
5481 3
5482 2
5483 3
5485 2
5487 3
5488 1
5489 1
5490 2
5491 2
5492 1
5494 1
5495 2
5496 1
5499 1
5502 3
5504 1
5505 1
5507 1
5508 1
5509 3
5510 1
5511 1
5512 1
5513 1
5516 2
5518 1
5519 3
5520 1
5523 1
5524 1
5525 3
5528 2
5532 2
5533 1
5534 2
5540 1
5541 1
5542 1
5546 1
5548 1
5552 2
5554 4
5558 2
5559 1
5560 2
5562 2
5563 1
5564 2
5565 1
5568 1
5569 1
5572 1
5573 1
5574 1
5575 1
5578 2
5581 2
5582 1
5584 2
5585 1
5587 4
5588 1
5590 1
5591 2
5594 2
5595 1
5596 1
5598 1
5600 1
5602 1
5603 1
5605 1
5607 2
5608 1
5609 2
5610 1
5611 2
5613 1
5614 3
5615 1
5616 3
5617 1
5618 2
5619 1
5620 1
5621 1
5622 1
5623 2
5626 1
5628 1
5629 2
5630 1
5631 1
5634 2
5638 1
5640 1
5642 1
5643 2
5644 1
5646 3
5650 2
5653 1
5654 2
5656 1
5657 3
5658 2
5661 1
5662 3
5663 2
5664 1
5665 1
5670 1
5672 2
5673 1
5674 2
5675 1
5676 2
5677 1
5678 1
5679 2
5682 2
5684 1
5685 2
5686 2
5687 1
5688 3
5689 2
5690 3
5691 1
5692 1
5693 2
5694 3
5696 2
5697 1
5698 2
5700 1
5703 1
5705 1
5707 3
5708 2
5711 1
5712 3
5714 2
5715 2
5716 1
5718 1
5721 1
5722 2
5723 1
5724 1
5725 1
5726 1
5727 1
5732 1
5734 3
5735 1
5738 1
5739 1
5740 1
5741 1
5742 3
5745 3
5747 2
5750 1
5751 1
5753 2
5754 1
5755 2
5756 3
5757 1
5758 1
5759 1
5764 1
5765 1
5767 1
5768 1
5770 1
5772 1
5774 1
5775 1
5776 1
5779 1
5780 1
5781 1
5782 1
5783 3
5784 1
5785 1
5787 1
5788 1
5789 2
5791 1
5792 1
5794 1
5795 2
5796 1
5797 1
5803 1
5805 2
5806 1
5807 1
5808 1
5809 4
5810 1
5813 2
5814 1
5815 2
5816 2
5820 2
5821 1
5822 3
5824 3
5825 1
5826 1
5827 2
5828 1
5830 1
5831 2
5832 1
5833 2
5834 1
5835 3
5837 1
5838 2
5840 1
5841 1
5846 1
5847 1
5851 1
5853 1
5855 2
5856 1
5857 1
5858 1
5859 3
5863 1
5864 2
5865 2
5866 2
5867 3
5868 1
5869 1
5870 1
5873 2
5874 1
5875 1
5876 1
5877 5
5878 1
5879 2
5880 1
5881 3
5882 2
5883 1
5885 1
5887 1
5888 2
5890 2
5893 2
5896 2
5897 3
5898 2
5899 2
5900 2
5901 3
5903 1
5904 1
5905 2
5907 2
5908 3
5910 1
5911 1
5912 1
5913 1
5914 2
5917 2
5918 1
5919 1
5920 1
5922 1
5923 1
5924 2
5927 2
5932 2
5934 2
5935 1
5936 1
5937 1
5939 1
5941 1
5942 1
5945 3
5946 1
5947 2
5949 1
5951 2
5953 1
5954 1
5955 1
5958 2
5959 2
5962 1
5963 1
5965 1
5967 1
5968 1
5969 2
5970 1
5971 1
5975 1
5977 1
5978 2
5982 2
5983 2
5986 1
5987 1
5989 4
5990 2
5991 1
5992 1
5993 2
5994 1
5996 3
5997 2
5998 1
6002 2
6005 1
6006 1
6007 2
6008 4
6010 2
6011 1
6012 1
6013 1
6016 1
6017 1
6018 1
6019 1
6020 1
6024 4
6029 1
6030 1
6033 1
6034 1
6037 3
6040 1
6041 1
6042 1
6045 1
6046 1
6047 2
6050 3
6052 2
6054 2
6057 2
6058 2
6059 1
6060 1
6061 1
6063 1
6067 1
6068 1
6069 2
6070 2
6071 2
6074 1
6075 4
6078 3
6079 1
6082 1
6084 2
6086 1
6092 1
6094 1
6095 1
6096 3
6097 2
6099 1
6100 1
6103 1
6104 1
6105 1
6108 2
6110 2
6111 1
6112 2
6113 1
6114 1
6116 1
6117 1
6118 1
6119 1
6120 1
6122 1
6125 1
6126 1
6127 3
6129 2
6131 2
6132 1
6134 1
6135 2
6136 1
6140 1
6141 1
6146 1
6150 1
6151 1
6153 1
6154 1
6155 1
6158 1
6162 1
6164 1
6168 1
6169 4
6170 2
6171 3
6172 1
6177 2
6178 1
6180 2
6181 1
6182 1
6184 1
6188 2
6189 1
6190 1
6191 1
6192 1
6193 1
6194 2
6195 1
6197 2
6198 1
6199 2
6200 2
6201 1
6203 2
6206 2
6207 1
6208 1
6210 1
6215 2
6216 3
6218 3
6219 2
6222 1
6224 2
6225 2
6226 1
6229 1
6230 2
6231 3
6232 2
6233 1
6234 1
6236 1
6237 1
6238 3
6239 1
6243 1
6244 1
6245 1
6247 1
6253 2
6256 1
6258 2
6260 1
6263 1
6264 2
6266 2
6267 1
6268 1
6275 1
6276 2
6277 2
6278 1
6279 2
6280 1
6281 2
6282 1
6283 2
6284 1
6285 1
6287 1
6289 1
6291 1
6292 1
6293 1
6294 1
6296 1
6298 2
6299 2
6300 1
6302 2
6303 1
6305 1
6306 1
6307 1
6308 1
6309 1
6310 1
6311 2
6312 1
6313 1
6316 2
6320 1
6321 1
6322 1
6323 1
6324 1
6326 2
6327 1
6328 2
6330 1
6334 2
6335 1
6336 1
6337 1
6338 1
6339 2
6341 1
6345 2
6348 1
6349 1
6350 1
6351 1
6352 1
6353 2
6354 4
6355 2
6356 1
6357 2
6358 3
6359 2
6360 1
6362 1
6364 1
6365 1
6366 1
6368 1
6369 1
6371 1
6372 1
6373 2
6374 1
6375 2
6377 1
6378 2
6379 3
6380 1
6381 2
6382 1
6384 2
6386 2
6387 2
6389 1
6390 1
6391 1
6392 1
6395 1
6397 1
6399 2
6403 1
6404 2
6405 2
6407 3
6409 2
6411 2
6413 3
6414 1
6415 1
6416 1
6417 1
6418 1
6420 2
6421 1
6422 1
6423 1
6424 1
6426 2
6427 1
6428 1
6429 2
6430 1
6432 1
6433 1
6434 1
6435 1
6436 2
6438 1
6440 1
6442 1
6445 3
6446 2
6448 3
6449 3
6452 1
6454 2
6455 2
6456 2
6459 2
6460 1
6461 2
6462 1
6463 1
6464 1
6466 1
6467 1
6469 1
6470 2
6471 4
6472 1
6473 1
6476 1
6478 4
6481 2
6485 2
6486 1
6487 1
6488 1
6489 2
6491 1
6493 1
6497 2
6498 2
6500 1
6502 1
6507 3
6512 1
6513 1
6514 1
6515 2
6516 1
6518 1
6520 2
6521 2
6522 1
6524 1
6525 2
6526 1
6528 1
6530 1
6532 1
6534 1
6536 1
6537 3
6539 1
6540 1
6542 1
6543 2
6544 1
6545 2
6546 1
6547 1
6548 3
6550 1
6553 2
6554 1
6555 1
6556 2
6557 1
6558 1
6559 1
6560 2
6564 3
6565 1
6567 1
6568 1
6570 1
6571 2
6573 2
6574 2
6575 1
6576 2
6579 1
6580 1
6581 1
6582 3
6585 1
6587 2
6588 1
6590 1
6591 1
6593 1
6594 2
6595 2
6596 1
6597 1
6599 2
6600 2
6603 1
6604 1
6605 1
6606 1
6607 1
6609 1
6610 1
6611 4
6612 1
6613 1
6614 2
6615 1
6616 1
6617 2
6618 1
6625 1
6626 2
6627 1
6628 1
6631 2
6632 1
6633 2
6634 1
6636 2
6637 1
6640 1
6641 2
6642 1
6644 2
6645 1
6646 2
6647 1
6648 1
6651 1
6652 4
6653 1
6654 2
6655 2
6656 1
6657 1
6658 1
6659 5
6660 2
6662 1
6663 1
6664 1
6665 1
6667 2
6668 2
6671 2
6672 1
6674 1
6675 3
6677 2
6679 2
6680 1
6681 1
6682 1
6683 1
6684 1
6687 2
6692 1
6693 1
6695 1
6696 1
6697 2
6699 1
6700 3
6701 1
6704 1
6705 2
6706 1
6707 1
6711 1
6717 1
6718 1
6719 3
6720 1
6723 2
6724 2
6725 3
6730 1
6733 2
6734 2
6736 2
6737 2
6738 1
6739 2
6740 1
6742 1
6743 1
6745 1
6746 1
6748 1
6751 1
6752 1
6753 1
6754 1
6756 1
6758 2
6759 1
6760 2
6762 1
6763 2
6764 4
6767 1
6768 2
6769 1
6771 1
6773 1
6774 1
6776 1
6777 1
6781 2
6783 2
6786 3
6787 1
6789 1
6790 2
6791 3
6792 3
6793 4
6795 1
6796 1
6797 1
6798 2
6799 2
6800 2
6801 1
6803 1
6806 1
6808 1
6811 3
6812 1
6813 1
6814 1
6815 4
6817 1
6818 1
6819 1
6820 2
6821 1
6824 1
6825 2
6826 1
6828 1
6830 3
6831 4
6832 3
6835 1
6836 2
6842 1
6843 4
6846 2
6847 2
6848 4
6850 1
6853 2
6854 3
6855 1
6856 1
6857 2
6860 2
6861 3
6862 2
6863 1
6864 1
6865 2
6866 1
6869 1
6870 1
6871 1
6873 1
6874 1
6875 3
6877 1
6878 2
6879 2
6881 1
6882 1
6884 1
6888 1
6892 2
6894 1
6895 1
6897 1
6898 1
6899 1
6901 2
6903 1
6904 1
6905 2
6907 3
6908 1
6912 2
6915 1
6917 2
6918 1
6919 2
6920 1
6921 1
6922 1
6923 1
6925 2
6926 3
6927 1
6929 3
6930 1
6932 1
6933 3
6935 1
6937 2
6938 1
6939 1
6940 1
6942 1
6944 2
6945 2
6948 4
6949 2
6950 1
6951 2
6954 2
6955 2
6956 4
6958 1
6961 2
6962 2
6964 1
6965 2
6966 1
6968 1
6971 1
6972 1
6975 2
6978 2
6980 3
6981 2
6983 2
6986 2
6987 2
6991 1
6992 1
6993 2
6994 2
6996 1
6997 3
7001 1
7004 2
7007 4
7009 1
7012 4
7013 1
7015 1
7017 1
7018 1
7019 1
7021 4
7024 1
7026 1
7027 2
7030 3
7032 1
7035 2
7036 1
7037 2
7038 1
7039 1
7040 1
7041 2
7042 1
7044 3
7045 1
7046 2
7047 4
7048 1
7049 4
7050 2
7051 1
7052 1
7056 1
7057 2
7059 2
7061 1
7062 1
7063 1
7064 3
7066 1
7067 2
7068 1
7069 2
7070 2
7071 1
7073 2
7075 1
7076 2
7077 4
7078 1
7082 2
7085 1
7090 1
7092 2
7094 1
7096 1
7098 2
7099 1
7100 1
7102 1
7104 1
7109 1
7110 1
7113 1
7114 1
7116 1
7117 1
7118 2
7119 1
7120 3
7121 2
7124 1
7125 2
7127 4
7129 2
7133 3
7134 2
7135 1
7138 1
7139 2
7140 2
7141 1
7142 4
7145 1
7147 3
7151 2
7152 1
7154 1
7155 1
7157 1
7158 2
7159 1
7160 1
7162 1
7163 2
7164 1
7165 1
7166 2
7167 1
7168 1
7172 1
7174 2
7178 3
7179 2
7181 2
7182 2
7184 1
7185 1
7187 1
7188 1
7189 1
7192 1
7193 3
7194 2
7196 2
7198 1
7199 1
7200 1
7201 1
7203 1
7207 1
7209 2
7211 1
7212 1
7213 1
7214 2
7217 1
7219 1
7220 1
7221 1
7223 2
7226 2
7227 2
7229 1
7231 3
7233 1
7235 1
7236 1
7237 1
7239 2
7240 2
7241 1
7242 2
7243 1
7245 1
7246 3
7247 1
7248 1
7249 1
7250 1
7251 1
7252 1
7255 2
7256 2
7258 1
7259 2
7261 1
7262 1
7265 1
7267 2
7268 2
7269 2
7271 1
7272 1
7273 2
7275 1
7278 1
7280 1
7281 1
7282 1
7284 1
7285 1
7288 1
7289 1
7291 1
7292 2
7293 2
7294 3
7295 1
7296 2
7298 1
7300 1
7303 1
7305 1
7306 1
7307 1
7308 1
7312 1
7313 2
7314 1
7315 2
7317 1
7319 2
7320 1
7321 1
7323 1
7324 1
7326 1
7327 3
7328 1
7329 1
7330 2
7331 2
7332 1
7334 1
7335 1
7338 2
7339 1
7340 1
7341 1
7346 1
7347 2
7349 1
7350 1
7351 1
7352 3
7353 1
7355 1
7356 2
7359 1
7360 1
7362 1
7363 1
7367 4
7368 1
7369 1
7370 1
7371 1
7372 1
7374 2
7375 1
7376 1
7377 3
7382 1
7383 1
7384 1
7385 1
7386 1
7387 1
7388 1
7389 3
7391 1
7392 1
7395 1
7400 1
7401 2
7402 3
7404 2
7406 1
7407 1
7408 1
7409 1
7410 1
7412 1
7413 1
7414 2
7415 2
7416 2
7417 2
7418 4
7420 1
7421 2
7422 1
7425 2
7426 2
7427 2
7428 1
7432 1
7433 3
7436 2
7438 1
7439 1
7440 2
7441 3
7442 1
7443 2
7444 2
7445 2
7447 2
7448 2
7450 2
7451 1
7452 1
7453 2
7454 1
7455 1
7456 1
7457 1
7458 1
7462 2
7466 2
7469 1
7470 1
7471 1
7472 1
7474 2
7478 1
7479 1
7480 1
7481 1
7483 1
7492 1
7493 1
7495 1
7496 1
7497 1
7498 2
7499 2
7501 2
7503 1
7505 1
7506 2
7507 1
7509 1
7512 1
7516 1
7517 2
7519 3
7521 1
7522 1
7523 1
7524 1
7525 1
7526 1
7527 2
7528 2
7529 2
7531 1
7532 3
7533 1
7534 1
7536 2
7538 2
7539 1
7541 1
7542 2
7544 1
7545 3
7546 1
7548 1
7549 1
7552 1
7553 1
7554 1
7555 1
7556 2
7558 1
7559 1
7561 1
7562 1
7563 2
7566 1
7568 1
7569 2
7571 2
7573 1
7575 1
7576 1
7578 2
7582 2
7584 2
7587 1
7588 1
7593 1
7595 1
7596 1
7597 1
7600 1
7601 2
7602 3
7604 3
7605 1
7606 1
7607 2
7608 1
7610 1
7611 1
7613 3
7614 3
7615 3
7616 1
7618 1
7619 1
7620 1
7621 1
7626 1
7627 3
7628 3
7630 2
7631 2
7632 2
7633 1
7634 1
7635 3
7636 1
7637 1
7640 1
7641 1
7643 1
7647 1
7651 1
7653 1
7654 3
7655 1
7658 2
7660 1
7665 1
7666 1
7667 2
7668 1
7669 2
7671 1
7672 4
7673 1
7674 1
7675 1
7676 2
7679 2
7682 1
7684 1
7689 1
7691 2
7692 1
7693 2
7694 1
7695 1
7697 1
7698 1
7699 1
7701 3
7703 1
7705 1
7707 3
7708 3
7709 1
7710 2
7713 1
7714 2
7715 2
7716 1
7718 1
7719 1
7722 1
7726 2
7727 2
7729 1
7730 1
7731 1
7733 2
7736 1
7740 1
7741 2
7742 1
7744 1
7745 1
7747 1
7749 1
7750 1
7752 2
7753 1
7754 2
7756 1
7757 1
7759 1
7761 2
7762 1
7763 1
7766 3
7768 1
7769 1
7770 4
7773 1
7776 2
7777 1
7779 2
7780 1
7784 3
7785 1
7786 2
7787 2
7789 1
7790 3
7792 1
7793 1
7795 1
7796 2
7798 1
7805 1
7808 1
7809 1
7811 1
7812 2
7814 1
7815 1
7817 1
7818 2
7821 2
7822 1
7824 2
7825 1
7827 1
7830 1
7831 1
7832 1
7833 2
7835 1
7837 1
7838 1
7840 3
7841 1
7842 1
7843 1
7844 1
7845 1
7846 2
7850 2
7851 1
7852 1
7853 1
7855 2
7856 1
7861 1
7863 4
7864 1
7865 1
7867 1
7868 1
7870 3
7871 4
7872 3
7873 2
7874 1
7876 1
7879 1
7880 1
7881 1
7884 1
7885 1
7886 1
7888 2
7889 1
7890 1
7891 1
7892 1
7898 1
7900 2
7901 2
7905 1
7906 3
7908 2
7909 1
7911 3
7912 2
7914 2
7916 2
7917 1
7920 2
7921 1
7922 2
7923 1
7925 1
7926 2
7927 2
7928 1
7929 2
7930 3
7931 1
7932 1
7933 2
7934 1
7936 3
7937 1
7938 1
7939 1
7940 1
7942 1
7943 1
7944 1
7945 2
7946 1
7948 2
7949 2
7951 2
7953 1
7954 1
7955 1
7956 1
7958 1
7960 1
7961 1
7962 3
7963 1
7965 1
7971 2
7972 1
7973 1
7974 1
7975 1
7976 1
7981 1
7983 1
7984 1
7986 2
7989 1
7990 2
7991 4
7992 2
7994 5
7996 2
7997 1
7999 3
8000 1
8001 3
8004 4
8005 2
8006 2
8007 1
8008 2
8011 1
8012 4
8013 1
8014 1
8015 2
8016 2
8019 1
8021 1
8022 3
8023 1
8024 1
8025 2
8026 1
8027 2
8028 1
8030 2
8031 1
8033 1
8034 1
8037 2
8038 3
8039 1
8041 1
8043 1
8046 1
8048 2
8050 1
8051 1
8053 1
8056 1
8057 3
8058 2
8060 1
8062 1
8064 1
8066 2
8068 1
8070 2
8072 1
8074 1
8076 2
8078 1
8079 1
8083 1
8084 3
8086 1
8088 1
8091 1
8092 3
8094 2
8097 1
8098 1
8102 1
8103 1
8104 1
8105 1
8106 2
8111 2
8115 1
8116 3
8117 1
8118 1
8120 4
8121 1
8122 2
8126 1
8127 1
8129 1
8133 3
8134 1
8135 1
8136 2
8138 1
8140 1
8142 1
8143 1
8144 1
8147 1
8150 1
8153 1
8154 2
8155 2
8156 1
8158 1
8160 1
8163 2
8164 2
8165 1
8167 1
8170 1
8172 2
8173 2
8175 1
8176 1
8177 2
8178 1
8179 1
8180 2
8182 1
8184 1
8185 2
8186 3
8187 2
8189 2
8190 2
8191 1
8192 1
8193 1
8196 1
8199 1
8204 3
8205 2
8206 1
8207 1
8209 1
8213 1
8217 1
8219 1
8220 1
8221 3
8227 3
8229 2
8230 1
8232 2
8235 1
8237 2
8238 1
8239 1
8241 1
8242 1
8243 1
8244 2
8248 1
8249 1
8250 1
8252 1
8253 2
8254 3
8256 1
8261 1
8262 1
8263 1
8264 2
8268 2
8269 1
8270 2
8271 1
8274 3
8276 3
8277 2
8280 1
8281 3
8282 1
8284 2
8285 2
8286 2
8288 1
8290 2
8292 3
8295 1
8298 2
8299 3
8301 1
8302 1
8303 2
8305 4
8306 1
8307 2
8309 2
8311 2
8312 1
8313 1
8315 2
8319 2
8322 1
8323 1
8326 2
8329 3
8330 2
8332 2
8333 1
8335 4
8339 1
8340 1
8342 1
8343 1
8345 1
8349 1
8351 1
8353 2
8354 1
8355 2
8359 2
8363 1
8364 1
8365 1
8367 1
8369 1
8371 1
8372 2
8373 2
8375 1
8377 1
8379 1
8383 1
8384 1
8385 1
8386 1
8389 1
8390 1
8392 2
8395 3
8396 1
8397 3
8399 1
8402 1
8405 1
8407 1
8409 1
8413 1
8415 1
8416 3
8417 1
8419 1
8420 3
8423 1
8424 1
8425 1
8426 1
8427 1
8428 1
8429 1
8433 1
8435 1
8436 2
8437 2
8439 1
8441 1
8442 1
8443 2
8447 2
8448 3
8449 1
8451 1
8454 1
8456 2
8457 1
8459 1
8460 3
8462 1
8463 1
8464 1
8465 1
8467 4
8468 1
8469 1
8473 1
8475 2
8477 1
8478 1
8480 2
8481 2
8484 1
8488 3
8490 1
8491 1
8492 1
8494 2
8496 1
8497 2
8499 3
8501 1
8502 2
8504 1
8508 1
8509 1
8510 2
8511 1
8512 1
8514 1
8515 4
8518 2
8519 1
8520 1
8521 1
8522 3
8523 1
8524 1
8525 2
8526 2
8527 3
8528 2
8530 1
8531 1
8532 3
8534 1
8535 3
8538 1
8540 1
8541 2
8542 3
8545 2
8546 2
8547 4
8549 1
8551 1
8552 2
8554 5
8557 1
8559 2
8561 1
8562 1
8564 3
8565 2
8567 1
8570 1
8572 2
8574 2
8575 1
8576 2
8582 2
8583 1
8586 1
8587 1
8588 1
8590 1
8592 1
8593 1
8594 1
8597 2
8600 1
8601 1
8602 2
8603 2
8604 1
8606 1
8608 4
8610 2
8611 2
8612 1
8613 4
8616 1
8617 1
8621 1
8624 4
8628 4
8629 1
8630 2
8631 1
8634 2
8635 2
8636 1
8637 1
8638 1
8639 2
8640 1
8642 1
8643 3
8644 3
8645 2
8647 1
8648 1
8651 1
8653 2
8654 2
8655 1
8656 1
8658 1
8659 1
8661 2
8662 1
8663 1
8664 1
8665 1
8667 2
8668 2
8669 1
8670 1
8671 3
8674 1
8676 1
8679 1
8680 1
8681 2
8682 1
8683 2
8685 3
8689 2
8690 1
8691 1
8693 2
8694 1
8695 2
8697 2
8701 1
8702 1
8703 2
8704 1
8705 1
8707 2
8708 2
8709 1
8710 2
8711 1
8712 1
8713 1
8715 1
8716 1
8718 1
8719 2
8720 2
8721 1
8722 4
8723 2
8725 1
8727 2
8728 1
8730 2
8733 1
8734 1
8737 4
8738 1
8739 2
8740 2
8743 2
8744 3
8747 2
8748 1
8749 2
8750 2
8751 1
8754 1
8756 3
8757 1
8759 1
8760 1
8761 1
8762 2
8765 1
8766 2
8767 1
8768 1
8769 1
8770 1
8771 2
8772 1
8773 1
8775 2
8776 2
8778 1
8779 2
8782 1
8783 1
8784 1
8786 3
8787 1
8788 1
8789 3
8790 2
8791 1
8792 1
8793 1
8794 1
8797 2
8798 1
8799 1
8803 1
8804 1
8805 1
8807 3
8810 2
8811 1
8813 2
8814 2
8815 1
8816 2
8817 2
8818 1
8819 1
8820 1
8821 1
8822 3
8824 1
8825 1
8830 1
8833 1
8836 2
8837 1
8838 2
8839 2
8840 1
8842 2
8843 1
8844 1
8846 1
8847 1
8849 1
8850 2
8852 2
8853 1
8854 2
8855 1
8856 1
8857 1
8859 1
8865 1
8867 1
8868 3
8870 1
8872 2
8873 1
8875 1
8876 1
8877 1
8879 1
8880 1
8881 2
8882 3
8884 2
8885 2
8891 1
8893 4
8895 1
8896 1
8897 2
8898 2
8899 2
8903 1
8904 1
8906 1
8907 1
8909 2
8911 1
8913 3
8914 2
8915 2
8916 1
8917 1
8921 1
8922 3
8923 1
8926 2
8928 2
8929 2
8930 1
8931 1
8932 2
8933 1
8934 3
8935 1
8937 2
8938 2
8939 1
8940 1
8944 1
8945 3
8946 1
8947 2
8948 1
8950 1
8951 1
8952 2
8953 2
8954 1
8955 1
8957 1
8959 2
8960 2
8961 1
8963 2
8964 1
8966 1
8968 1
8970 3
8971 1
8973 1
8974 1
8975 1
8976 1
8978 2
8979 1
8980 1
8982 1
8984 1
8985 1
8986 1
8987 3
8988 1
8989 2
8992 2
8993 2
8994 1
8996 1
8997 1
8998 1
8999 1
9001 1
9004 1
9006 2
9007 2
9008 2
9009 2
9011 3
9012 1
9013 3
9016 1
9017 1
9018 1
9020 3
9023 1
9024 1
9027 2
9028 1
9029 1
9030 1
9031 1
9032 2
9033 2
9035 2
9038 1
9040 2
9041 1
9042 1
9043 3
9044 1
9045 1
9046 2
9047 1
9048 1
9049 1
9050 1
9051 1
9052 1
9053 4
9054 1
9055 2
9057 1
9059 1
9064 2
9065 1
9066 3
9068 2
9069 1
9070 2
9071 1
9072 3
9074 2
9075 2
9076 1
9077 2
9078 1
9080 2
9082 2
9084 1
9085 1
9087 2
9092 1
9093 3
9096 2
9099 1
9101 1
9104 1
9106 2
9109 2
9110 1
9112 2
9113 3
9118 2
9119 1
9120 3
9121 1
9123 1
9127 2
9129 1
9132 1
9134 2
9138 1
9139 1
9140 2
9141 1
9143 4
9145 2
9146 2
9147 2
9148 1
9149 1
9150 1
9152 3
9156 2
9158 2
9159 1
9163 3
9164 2
9166 1
9167 1
9168 3
9172 1
9173 2
9178 1
9179 1
9181 5
9182 1
9185 1
9186 1
9187 1
9189 1
9190 1
9191 2
9193 1
9199 2
9200 2
9201 1
9202 1
9204 1
9206 2
9210 1
9211 2
9212 1
9216 1
9218 1
9219 1
9220 1
9221 1
9222 2
9224 2
9225 3
9226 1
9227 3
9230 1
9231 2
9233 1
9236 1
9238 1
9239 2
9245 1
9248 1
9249 1
9251 1
9252 1
9253 1
9257 1
9259 1
9260 4
9262 1
9264 1
9267 1
9268 3
9269 3
9270 1
9272 1
9273 2
9275 2
9276 1
9278 2
9279 1
9281 3
9282 1
9283 2
9284 3
9285 2
9287 1
9288 1
9292 1
9294 1
9295 1
9296 1
9297 1
9298 2
9299 2
9300 1
9301 2
9302 1
9303 1
9305 2
9306 3
9307 1
9308 1
9310 2
9313 2
9314 1
9315 3
9316 1
9317 2
9321 2
9322 2
9323 1
9325 2
9326 1
9327 1
9328 1
9329 3
9330 1
9338 1
9343 2
9345 2
9347 1
9348 1
9349 2
9350 1
9351 2
9355 2
9356 2
9357 1
9358 2
9361 1
9362 2
9363 2
9364 1
9367 1
9370 3
9371 1
9372 2
9373 2
9374 1
9375 3
9377 3
9378 1
9380 2
9381 1
9385 2
9387 1
9389 2
9390 1
9394 1
9395 1
9396 1
9397 1
9398 1
9400 1
9401 1
9402 1
9403 1
9406 1
9408 2
9411 4
9415 1
9416 1
9417 1
9418 1
9419 1
9421 2
9423 2
9424 1
9425 1
9427 1
9428 1
9429 1
9431 2
9432 1
9433 3
9434 2
9435 1
9436 1
9438 2
9439 1
9440 1
9444 2
9445 1
9449 1
9450 3
9451 1
9453 3
9454 1
9455 1
9456 1
9457 2
9458 1
9459 1
9461 2
9463 1
9464 1
9465 3
9468 2
9469 1
9471 1
9473 1
9474 1
9477 1
9479 2
9480 1
9481 1
9484 1
9486 1
9487 1
9488 1
9491 1
9493 1
9494 3
9496 2
9499 2
9500 1
9505 1
9510 1
9511 1
9512 1
9515 1
9517 1
9518 1
9519 1
9520 1
9521 1
9523 2
9524 2
9528 2
9529 2
9531 2
9533 1
9535 1
9537 1
9538 1
9539 1
9540 2
9541 1
9542 1
9543 1
9545 2
9546 3
9547 2
9548 4
9549 2
9550 1
9551 2
9552 1
9553 2
9554 1
9555 1
9558 2
9561 1
9563 2
9565 1
9566 1
9570 1
9571 4
9572 1
9574 2
9575 2
9581 2
9582 3
9583 1
9584 4
9586 1
9589 1
9592 1
9594 1
9595 1
9596 1
9597 2
9599 1
9600 1
9601 2
9604 3
9605 1
9610 1
9611 2
9612 1
9613 1
9615 1
9617 2
9620 1
9621 2
9622 2
9624 4
9625 3
9626 2
9627 1
9628 2
9631 1
9634 1
9635 1
9639 3
9643 1
9647 1
9648 1
9649 2
9650 1
9651 2
9653 1
9654 2
9655 3
9657 1
9659 2
9661 1
9662 3
9664 2
9665 1
9667 1
9668 1
9669 3
9674 1
9675 2
9678 1
9680 2
9681 4
9685 1
9687 1
9688 4
9692 1
9693 1
9694 1
9696 1
9697 1
9699 1
9701 2
9704 1
9705 1
9706 1
9707 1
9708 1
9710 1
9711 2
9712 1
9713 1
9715 1
9716 1
9717 1
9718 1
9719 1
9720 1
9721 4
9722 2
9723 4
9724 1
9725 1
9727 1
9729 2
9730 1
9733 1
9734 1
9735 2
9736 1
9737 1
9738 1
9739 1
9740 1
9743 1
9746 1
9747 1
9748 1
9754 1
9755 2
9760 1
9763 1
9766 1
9770 2
9772 2
9773 1
9774 2
9775 1
9776 1
9778 1
9779 1
9780 2
9782 1
9783 2
9787 2
9788 1
9789 1
9791 1
9793 1
9797 2
9799 1
9800 3
9801 1
9802 2
9803 2
9804 1
9805 1
9807 2
9808 3
9809 3
9811 1
9813 2
9816 2
9819 1
9820 1
9823 1
9825 2
9831 2
9832 3
9833 1
9834 2
9835 3
9836 1
9837 1
9838 1
9841 3
9842 1
9843 1
9844 1
9845 1
9847 1
9849 1
9851 2
9852 1
9853 1
9854 1
9856 1
9857 1
9860 2
9861 1
9862 1
9865 2
9867 1
9868 1
9869 3
9870 1
9872 1
9873 1
9875 2
9876 1
9879 1
9882 2
9883 1
9884 1
9887 1
9888 1
9889 1
9893 3
9894 1
9899 2
9900 1
9901 1
9902 1
9904 1
9906 1
9908 1
9909 1
9911 1
9912 1
9915 1
9916 1
9917 1
9918 2
9921 2
9922 1
9923 1
9925 1
9926 3
9928 1
9930 2
9934 2
9936 1
9937 1
9938 1
9939 1
9941 1
9942 1
9943 1
9944 1
9945 1
9948 1
9950 2
9952 2
9953 1
9955 1
9956 2
9957 2
9960 1
9961 1
9962 1
9963 1
9964 1
9971 1
9972 1
9974 1
9976 3
9977 1
9979 1
9980 1
9981 1
9985 2
9986 2
9987 1
9988 2
9990 1
9991 1
9992 1
9994 1
9996 1
9997 1
9998 1
9999 1
