0 1
4 1
6 1
56 1
59 2
88 1
155 1
187 1
191 1
199 2
217 1
238 1
240 1
241 1
255 1
261 1
271 1
283 1
284 1
298 1
302 1
306 1
309 1
317 1
326 1
327 1
332 1
342 1
345 1
348 1
365 1
380 1
385 1
387 1
394 1
399 1
403 1
409 1
411 1
435 1
436 1
440 1
454 1
475 1
489 1
498 3
501 1
509 1
512 1
528 1
531 1
555 2
559 1
576 1
577 1
584 1
585 1
586 1
587 1
591 1
592 1
593 1
605 1
611 1
618 1
619 1
630 1
656 1
665 1
685 1
689 1
699 1
711 1
715 1
727 1
742 1
766 1
770 1
781 1
812 1
813 1
815 1
831 1
846 1
852 1
862 1
900 1
903 1
910 1
921 1
922 1
930 1
943 1
968 1
970 1
973 1
974 1
978 1
986 1
989 1
997 1
998 2
1010 1
1017 1
1053 1
1071 1
1081 1
1094 1
1112 1
1141 1
1142 1
1156 1
1157 1
1158 1
1204 1
1205 1
1209 1
1218 1
1224 1
1243 1
1277 1
1278 1
1279 1
1292 1
1305 1
1313 1
1316 1
1325 3
1335 1
1339 1
1340 1
1341 1
1345 1
1353 1
1354 1
1358 1
1362 1
1368 1
1372 1
1400 1
1404 1
1406 1
1408 1
1409 1
1438 1
1440 1
1442 1
1443 1
1474 1
1510 1
1512 2
1513 1
1514 1
1515 1
1545 1
1546 1
1550 2
1553 1
1554 1
1567 1
1568 1
1584 1
1594 1
1607 1
1609 1
1613 1
1630 1
1631 1
1647 1
1664 1
1671 1
1673 1
1691 1
1717 1
1733 1
1751 1
1758 1
1773 2
1821 1
1825 1
1830 1
1833 1
1852 1
1865 1
1875 1
1887 1
1889 1
1898 1
1902 1
1903 1
1917 1
1922 1
1936 1
1937 1
1938 1
1954 2
1970 1
1988 1
1996 1
1997 1
2010 1
2025 1
2035 1
2053 1
2082 1
2091 1
2096 1
2102 1
2112 1
2119 1
2123 1
2124 1
2133 1
2141 1
2143 1
2144 1
2169 1
2171 1
2189 1
2221 1
2240 1
2250 2
2262 1
2264 1
2267 1
2288 1
2309 1
2312 1
2341 1
2372 1
2376 1
2388 1
2390 1
2404 1
2406 1
2411 1
2426 1
2430 1
2433 1
2447 1
2449 1
2453 1
2454 1
2474 1
2486 2
2505 1
2563 1
2564 1
2574 1
2586 1
2592 1
2609 1
2628 1
2631 1
2635 1
2652 1
2674 1
2694 1
2697 1
2706 1
2710 1
2714 1
2744 1
2754 1
2786 1
2795 1
2810 1
2822 2
2824 1
2828 1
2856 1
2859 1
2864 1
2869 1
2873 1
2880 1
2888 1
2890 1
2892 1
2907 1
2913 1
2916 2
2918 1
2921 1
2953 1
2960 1
2963 1
2968 1
2977 1
2979 1
2987 1
2996 1
2997 1
3004 1
3023 1
3033 1
3036 1
3051 1
3052 1
3083 1
3088 1
3103 1
3106 1
3110 1
3114 1
3149 1
3155 1
3156 1
3169 1
3178 2
3182 1
3203 1
3209 1
3214 1
3215 1
3244 1
3245 1
3265 1
3267 1
3269 1
3270 1
3279 1
3307 1
3310 1
3311 1
3312 1
3316 1
3322 1
3325 1
3330 1
3339 1
3362 1
3365 1
3368 1
3394 1
3410 1
3412 1
3419 1
3421 1
3426 2
3432 1
3438 1
3454 1
3468 1
3469 1
3481 1
3491 1
3497 1
3514 1
3527 1
3528 1
3538 1
3575 1
3579 1
3581 1
3586 1
3594 1
3596 1
3662 1
3667 1
3694 1
3697 1
3709 1
3715 1
3717 1
3720 1
3726 1
3739 1
3741 1
3778 1
3782 1
3792 1
3797 1
3800 1
3803 1
3805 1
3818 1
3820 1
3852 1
3854 1
3861 1
3870 1
3878 1
3915 1
3925 1
3931 1
3933 1
3946 1
3955 1
3973 2
3975 1
3977 1
3990 1
3991 1
3993 1
4009 1
4011 1
4031 1
4042 1
4046 1
4086 1
4088 1
4103 1
4125 1
4126 1
4133 1
4148 1
4167 1
4170 1
4184 1
4194 1
4196 1
4197 1
4204 1
4211 1
4219 1
4230 1
4255 1
4276 1
4282 1
4287 1
4303 1
4304 1
4318 1
4328 1
4336 1
4349 1
4357 1
4373 1
4380 1
4396 1
4413 1
4427 1
4443 1
4445 1
4485 1
4495 1
4500 2
4501 1
4512 2
4533 1
4554 1
4573 1
4586 1
4588 1
4599 1
4622 1
4624 1
4625 1
4635 1
4639 1
4643 1
4650 1
4654 1
4665 1
4682 1
4690 1
4706 1
4712 1
4723 1
4725 1
4728 1
4730 1
4741 1
4758 1
4788 1
4791 1
4800 1
4803 1
4847 1
4863 1
4866 1
4867 1
4872 1
4880 1
4883 2
4885 1
4887 1
4901 1
4917 1
4940 1
4951 1
4956 1
4963 1
4964 2
4990 1
4998 1
5004 2
5005 1
5009 1
5031 1
5054 1
5061 1
5073 1
5080 1
5087 1
5089 1
5096 1
5107 1
5113 1
5114 1
5115 1
5125 1
5137 1
5138 1
5183 1
5191 1
5201 2
5224 1
5238 1
5252 1
5260 1
5265 1
5267 1
5277 1
5293 1
5317 1
5326 1
5348 1
5358 1
5360 1
5365 1
5394 1
5399 1
5400 1
5403 1
5405 1
5406 1
5417 1
5423 1
5429 1
5431 1
5447 1
5454 1
5455 1
5460 1
5475 1
5477 1
5491 1
5500 1
5518 1
5534 1
5545 1
5553 1
5554 1
5555 1
5603 1
5617 1
5624 1
5637 1
5640 1
5649 1
5690 1
5702 1
5713 2
5714 1
5720 1
5726 1
5732 1
5741 1
5754 1
5759 1
5769 1
5797 1
5814 2
5842 1
5893 1
5902 1
5913 1
5930 1
5933 1
5952 1
5956 1
5958 1
5984 1
5989 1
6003 1
6010 1
6016 1
6019 1
6022 1
6026 1
6028 1
6034 1
6044 1
6054 1
6086 1
6096 1
6104 1
6109 1
6111 1
6127 1
6128 1
6131 1
6149 1
6161 2
6169 1
6174 1
6175 1
6182 1
6200 1
6213 1
6220 1
6222 1
6226 1
6267 1
6269 1
6290 1
6300 1
6313 1
6325 1
6328 1
6331 1
6332 1
6337 1
6341 1
6344 1
6345 1
6362 1
6376 1
6404 1
6429 1
6442 2
6454 2
6472 1
6485 1
6499 1
6507 1
6508 1
6524 1
6526 1
6540 1
6553 1
6556 1
6565 1
6641 1
6645 1
6648 1
6656 1
6670 1
6674 1
6675 1
6681 1
6691 1
6722 1
6731 1
6743 1
6747 1
6761 1
6769 1
6784 2
6793 1
6796 1
6810 2
6813 1
6818 1
6827 1
6828 1
6831 1
6843 1
6847 1
6852 1
6870 1
6882 1
6916 1
6917 1
6922 1
6924 1
6925 1
6928 1
6940 1
6946 1
6955 1
6965 2
6979 1
7019 1
7029 1
7045 1
7048 1
7059 1
7064 2
7069 1
7070 1
7078 1
7081 1
7088 1
7099 1
7110 1
7127 1
7130 1
7133 1
7152 1
7159 1
7163 1
7267 1
7276 1
7282 1
7301 2
7313 1
7320 1
7324 1
7331 1
7332 1
7334 1
7337 1
7343 1
7371 2
7376 1
7381 1
7391 1
7399 1
7405 1
7418 1
7427 1
7435 1
7471 1
7502 1
7508 1
7536 1
7538 1
7546 1
7553 1
7558 1
7559 1
7587 1
7603 1
7645 1
7684 1
7693 1
7706 1
7712 1
7716 1
7735 1
7736 1
7737 1
7743 1
7758 1
7763 1
7789 1
7802 1
7803 1
7817 1
7838 1
7841 1
7848 1
7849 1
7858 1
7867 1
7870 1
7872 1
7880 1
7888 1
7894 1
7895 1
7905 3
7942 1
7946 1
7948 1
7958 2
7959 2
7961 1
7978 1
7980 1
7986 1
7992 1
7997 1
8004 1
8009 1
8010 1
8019 1
8020 1
8023 1
8029 1
8035 1
8038 1
8047 1
8053 1
8074 1
8098 1
8103 2
8112 1
8113 1
8124 1
8129 2
8138 1
8143 1
8151 1
8153 1
8166 1
8197 1
8205 1
8206 1
8227 1
8230 1
8258 1
8290 1
8296 1
8298 1
8302 1
8306 1
8308 1
8310 1
8329 1
8333 1
8352 1
8371 1
8380 1
8396 1
8397 1
8426 1
8455 1
8457 1
8467 1
8472 1
8475 1
8477 1
8531 1
8538 1
8556 1
8562 1
8586 1
8587 1
8589 1
8594 1
8597 1
8609 1
8617 1
8618 1
8620 1
8623 1
8630 1
8644 1
8646 1
8652 1
8671 1
8672 1
8684 1
8686 1
8689 1
8701 1
8721 1
8723 1
8741 1
8749 1
8754 1
8761 1
8799 1
8802 1
8805 1
8810 1
8811 1
8814 1
8827 1
8834 2
8840 1
8862 1
8864 1
8878 1
8891 1
8898 1
8899 2
8903 1
8913 1
8926 1
8928 1
8930 1
8965 1
8979 2
8980 1
8981 1
8997 1
9017 1
9019 1
9021 1
9029 1
9031 1
9032 1
9047 1
9052 1
9055 1
9062 2
9067 1
9073 1
9079 1
9081 1
9118 1
9120 1
9121 1
9131 1
9144 1
9159 1
9169 1
9173 2
9174 1
9176 1
9178 1
9203 1
9214 1
9225 1
9254 1
9259 1
9262 1
9266 1
9269 1
9275 1
9304 1
9307 1
9318 2
9331 1
9332 1
9339 1
9348 1
9361 1
9391 1
9408 1
9410 1
9433 1
9452 1
9453 2
9458 1
9464 1
9490 1
9499 1
9501 1
9507 1
9523 1
9537 1
9546 1
9554 1
9555 1
9570 1
9572 1
9578 1
9610 1
9628 1
9633 1
9635 1
9640 1
9653 1
9660 1
9661 1
9662 1
9665 1
9696 1
9724 1
9727 1
9733 1
9738 1
9742 1
9763 1
9765 1
9770 1
9773 1
9775 1
9789 1
9798 1
9801 1
9809 1
9818 1
9822 1
9828 1
9841 1
9842 1
9879 1
9900 1
9902 1
9914 1
9926 1
9933 1
9934 1
9941 1
9944 1
9945 1
9956 1
9969 1
9977 1
9982 1
9994 1
