0 1
1 1
2 1
4 1
7 1
10 1
16 1
17 1
18 1
32 1
43 1
48 1
57 1
69 1
83 1
89 1
90 1
95 1
108 1
113 2
115 1
119 1
121 1
128 2
136 1
150 1
155 1
157 1
158 1
165 1
181 1
182 1
184 1
185 1
186 1
188 2
191 1
198 1
200 2
202 1
212 3
213 1
214 1
222 1
223 2
233 2
239 1
246 2
251 1
271 1
284 1
286 1
292 1
298 3
306 1
311 1
313 2
334 1
336 1
338 1
342 1
350 1
360 1
365 1
367 1
373 1
375 1
386 1
399 1
404 1
407 1
411 1
417 1
421 1
422 4
423 1
424 1
427 1
430 1
436 1
437 2
440 1
441 1
442 1
444 1
446 1
454 1
459 2
462 1
472 1
474 1
475 1
476 1
478 1
479 1
483 1
493 1
500 1
507 1
511 1
513 1
516 1
518 1
522 2
532 1
538 1
539 1
547 1
559 1
565 1
566 1
573 2
578 1
579 1
580 1
590 1
594 1
603 1
608 1
618 1
619 1
621 1
627 1
630 1
633 1
644 1
652 1
657 1
665 1
674 1
680 1
686 2
708 1
729 1
738 1
741 2
751 1
758 1
768 1
772 1
775 1
776 1
777 1
783 1
789 2
791 1
805 2
808 1
812 1
815 1
831 2
845 1
847 1
848 2
850 1
851 1
852 1
860 1
867 1
895 1
902 1
906 1
907 1
908 1
909 2
910 1
922 1
928 1
941 1
942 1
944 1
950 1
952 1
956 1
958 1
962 1
963 1
964 1
980 1
990 1
998 1
999 1
1000 1
1001 1
1008 1
1015 1
1018 1
1027 1
1031 1
1032 1
1034 1
1037 1
1042 2
1044 1
1051 1
1054 1
1055 1
1064 1
1072 1
1082 1
1086 1
1091 1
1104 1
1108 1
1119 1
1122 1
1129 1
1134 1
1142 1
1143 1
1149 1
1159 1
1161 1
1167 1
1169 1
1170 1
1172 1
1174 1
1178 2
1179 2
1183 1
1185 1
1188 1
1189 1
1191 1
1193 1
1194 1
1200 1
1218 1
1219 1
1222 1
1223 1
1230 1
1232 2
1233 1
1249 1
1257 1
1258 1
1265 2
1268 1
1270 1
1299 1
1320 1
1321 1
1337 1
1342 1
1343 1
1345 2
1346 1
1352 1
1358 1
1363 1
1373 3
1377 1
1384 1
1388 1
1389 1
1398 1
1403 1
1405 1
1406 1
1408 1
1410 1
1412 1
1414 2
1416 1
1418 1
1421 1
1422 2
1431 1
1433 1
1438 1
1439 1
1441 1
1446 1
1452 1
1455 1
1456 1
1462 1
1466 1
1473 1
1477 1
1484 1
1492 1
1495 2
1496 1
1510 1
1514 1
1527 1
1530 1
1537 1
1538 1
1539 2
1543 1
1545 2
1546 1
1559 1
1565 1
1566 1
1568 1
1569 1
1572 1
1593 1
1606 1
1608 1
1613 1
1614 1
1620 2
1632 1
1638 1
1640 1
1646 1
1654 2
1655 1
1662 1
1663 3
1668 1
1671 1
1675 1
1702 1
1708 1
1711 1
1714 1
1717 1
1718 1
1731 1
1733 1
1743 1
1752 1
1753 1
1754 1
1755 1
1757 1
1763 1
1767 1
1773 1
1778 1
1781 1
1785 1
1786 1
1788 1
1792 1
1794 1
1802 1
1805 1
1809 1
1823 1
1824 2
1830 1
1838 1
1845 1
1852 1
1855 2
1857 1
1858 1
1860 1
1869 1
1873 1
1874 2
1875 2
1877 1
1878 1
1881 1
1887 1
1889 1
1898 1
1899 1
1906 1
1908 1
1912 1
1913 2
1914 1
1916 1
1923 1
1924 1
1926 1
1936 1
1940 1
1942 1
1954 1
1956 2
1958 1
1963 1
1964 1
1969 1
1978 1
1986 1
1987 1
1993 2
1999 1
2005 1
2009 3
2010 1
2018 1
2019 1
2023 1
2028 1
2033 1
2037 1
2043 1
2045 1
2052 1
2058 1
2059 1
2065 1
2066 1
2071 1
2074 1
2075 1
2087 2
2094 1
2095 1
2097 2
2102 1
2107 1
2110 1
2111 1
2113 1
2132 1
2134 1
2136 1
2146 1
2148 1
2152 1
2154 1
2156 1
2159 1
2162 1
2163 1
2168 1
2171 1
2173 1
2178 2
2189 1
2193 1
2212 1
2216 1
2218 1
2222 2
2230 1
2244 1
2263 1
2265 1
2276 1
2281 1
2282 2
2283 1
2286 1
2288 2
2299 1
2302 1
2309 2
2310 1
2311 1
2320 1
2326 1
2329 1
2332 1
2336 1
2337 1
2339 1
2343 1
2345 1
2355 1
2359 1
2362 1
2365 1
2368 1
2369 2
2371 1
2374 1
2378 1
2383 1
2384 1
2385 1
2386 1
2388 1
2389 1
2399 1
2401 1
2403 1
2404 1
2405 1
2407 1
2409 1
2411 1
2412 1
2417 1
2426 1
2431 1
2433 1
2442 1
2447 1
2453 1
2456 1
2459 1
2467 1
2470 1
2472 1
2481 1
2484 1
2485 1
2486 1
2487 1
2490 1
2492 1
2494 1
2496 1
2500 1
2502 1
2508 1
2512 2
2514 1
2515 1
2516 2
2525 1
2528 1
2535 1
2539 2
2542 1
2543 1
2546 1
2551 1
2556 1
2563 1
2564 1
2565 1
2566 1
2569 1
2572 1
2577 1
2580 1
2581 1
2588 1
2599 1
2623 1
2628 1
2629 1
2635 1
2648 1
2649 1
2653 1
2658 1
2664 1
2666 1
2675 1
2679 1
2688 1
2700 1
2710 1
2720 1
2721 2
2724 1
2726 1
2733 2
2735 1
2737 1
2747 1
2760 1
2770 1
2783 1
2786 1
2787 2
2794 1
2797 1
2800 1
2807 1
2810 1
2812 3
2813 1
2816 1
2820 1
2822 1
2823 1
2824 1
2828 1
2835 1
2837 1
2840 1
2854 2
2856 1
2863 1
2868 1
2870 1
2875 1
2880 1
2890 3
2902 1
2905 1
2917 1
2932 1
2933 1
2937 1
2940 1
2951 1
2953 2
2962 1
2963 1
2964 1
2970 1
2973 2
2982 1
2986 1
2990 1
2993 1
2996 1
3011 2
3015 1
3023 3
3035 2
3037 1
3040 1
3044 1
3047 1
3052 1
3062 1
3064 1
3065 1
3069 2
3070 1
3073 1
3075 1
3077 1
3084 1
3086 1
3089 1
3094 1
3096 1
3098 2
3105 2
3107 1
3109 2
3111 1
3113 1
3114 1
3117 1
3120 2
3122 1
3130 1
3138 1
3142 1
3153 1
3161 1
3163 1
3167 1
3172 1
3173 1
3181 1
3186 1
3190 1
3191 1
3193 1
3197 1
3203 1
3204 2
3212 2
3214 1
3215 1
3217 1
3223 1
3226 1
3228 1
3231 1
3233 1
3235 1
3239 2
3250 1
3258 1
3269 1
3273 2
3277 1
3280 1
3296 3
3297 1
3303 1
3313 1
3315 1
3318 1
3331 1
3333 1
3334 1
3356 1
3357 1
3361 1
3373 1
3375 1
3381 1
3382 1
3384 1
3389 1
3395 1
3408 1
3412 1
3421 1
3423 1
3427 1
3428 1
3429 1
3430 1
3440 1
3442 1
3445 1
3447 1
3454 1
3456 1
3457 1
3461 1
3471 1
3490 1
3496 1
3505 1
3506 1
3508 1
3512 1
3514 1
3515 1
3516 1
3518 1
3519 1
3521 1
3522 1
3524 1
3525 2
3531 1
3534 1
3536 1
3537 2
3538 1
3541 1
3544 1
3549 1
3551 1
3553 2
3556 2
3566 1
3571 2
3580 1
3588 1
3590 1
3596 1
3605 1
3610 1
3615 1
3629 1
3634 1
3636 1
3640 1
3654 1
3657 1
3659 1
3674 2
3675 1
3679 1
3683 1
3684 1
3685 1
3686 2
3688 1
3689 2
3690 1
3694 2
3697 1
3706 1
3711 1
3717 1
3728 1
3731 1
3733 1
3735 1
3739 1
3741 1
3749 1
3764 1
3771 1
3774 1
3778 1
3785 1
3786 1
3793 1
3797 2
3799 1
3800 1
3808 2
3814 1
3824 1
3831 1
3834 2
3835 1
3841 1
3845 1
3848 1
3849 1
3851 1
3852 1
3859 1
3862 1
3867 1
3868 1
3873 1
3890 1
3892 1
3895 1
3896 1
3899 1
3900 1
3901 1
3908 1
3914 2
3920 1
3921 1
3924 1
3928 1
3929 2
3946 1
3951 1
3952 1
3956 2
3957 1
3961 1
3965 2
3970 2
3973 1
3976 1
3978 1
3979 2
3990 1
3997 1
4001 1
4002 1
4003 1
4007 1
4015 1
4017 1
4029 2
4030 1
4032 1
4034 1
4043 1
4044 1
4049 2
4054 1
4059 1
4061 2
4062 1
4065 1
4067 1
4070 1
4076 1
4078 1
4080 1
4086 1
4088 1
4092 2
4097 1
4102 1
4113 2
4116 2
4119 1
4121 1
4131 1
4136 1
4137 1
4138 1
4140 1
4158 1
4164 1
4176 1
4181 1
4184 1
4190 1
4196 1
4197 1
4199 1
4204 1
4205 2
4216 1
4217 1
4218 1
4222 1
4230 1
4232 1
4233 1
4234 1
4239 1
4240 1
4241 1
4243 2
4245 1
4253 1
4256 1
4260 1
4261 1
4262 1
4288 1
4290 1
4299 1
4304 1
4305 1
4307 1
4312 1
4316 1
4318 1
4319 1
4322 1
4324 1
4327 1
4331 1
4336 1
4346 1
4349 1
4357 1
4362 2
4368 1
4369 1
4372 1
4374 1
4377 1
4378 1
4384 1
4387 1
4388 1
4396 1
4397 1
4402 1
4409 1
4411 1
4413 1
4416 1
4417 1
4418 1
4419 1
4423 1
4425 1
4430 1
4435 1
4437 1
4440 1
4445 1
4452 1
4457 1
4459 1
4461 1
4462 1
4480 1
4481 1
4483 1
4485 1
4489 1
4490 2
4491 1
4501 1
4508 1
4511 1
4512 1
4513 1
4514 1
4539 1
4542 1
4543 1
4546 1
4550 2
4552 1
4557 1
4560 1
4564 1
4566 1
4571 1
4572 2
4575 1
4579 1
4583 1
4586 1
4587 1
4588 1
4597 1
4604 1
4626 1
4633 1
4634 1
4639 2
4649 2
4650 1
4656 1
4657 1
4661 1
4663 1
4664 1
4669 2
4677 1
4684 1
4685 1
4686 1
4691 1
4699 2
4706 1
4715 1
4725 1
4727 1
4729 1
4734 1
4748 1
4756 1
4757 1
4776 2
4778 1
4779 2
4783 1
4788 1
4790 1
4797 1
4804 1
4814 1
4817 1
4820 1
4828 1
4833 1
4837 1
4849 1
4854 1
4863 1
4865 1
4870 1
4871 1
4876 1
4880 3
4884 1
4889 1
4893 1
4902 1
4909 1
4913 2
4915 1
4917 1
4919 1
4920 1
4926 1
4939 1
4941 1
4946 1
4947 1
4948 1
4949 1
4951 2
4955 1
4958 2
4959 1
4960 1
4964 1
4970 1
4974 1
4985 1
4996 1
4997 1
4998 1
4999 1
5003 1
5005 1
5009 1
5024 1
5027 1
5029 1
5030 1
5037 1
5038 1
5040 1
5055 1
5063 1
5067 1
5069 2
5070 2
5071 1
5075 1
5076 2
5078 1
5079 1
5094 1
5096 2
5098 1
5102 1
5104 1
5108 1
5109 1
5120 1
5123 1
5124 1
5128 1
5129 2
5135 1
5137 1
5145 1
5158 1
5172 1
5173 1
5174 1
5182 1
5195 1
5200 1
5201 1
5206 1
5208 1
5226 1
5227 1
5231 1
5240 1
5244 1
5245 1
5255 1
5262 1
5263 1
5270 1
5276 1
5286 1
5294 2
5295 1
5296 1
5302 1
5303 1
5304 1
5306 1
5314 1
5317 1
5321 1
5326 1
5329 1
5330 1
5332 2
5334 1
5341 1
5342 1
5357 1
5360 1
5363 1
5366 1
5370 2
5384 1
5391 1
5400 1
5403 1
5405 1
5414 1
5424 1
5442 1
5443 1
5445 1
5454 1
5458 1
5459 1
5461 1
5470 1
5477 1
5483 1
5490 1
5505 1
5510 1
5516 1
5523 2
5529 2
5533 1
5537 2
5540 1
5543 1
5547 1
5549 1
5552 1
5554 1
5556 1
5557 1
5562 1
5563 1
5565 1
5567 1
5579 1
5580 1
5586 1
5592 2
5598 1
5600 1
5607 1
5608 1
5609 1
5610 1
5624 2
5631 1
5641 1
5642 1
5643 1
5647 1
5649 2
5651 1
5658 1
5665 1
5667 2
5675 1
5676 1
5680 2
5682 1
5684 1
5686 1
5690 1
5693 1
5695 1
5703 1
5720 1
5739 1
5742 1
5748 1
5763 1
5767 1
5771 1
5780 1
5781 1
5783 1
5791 1
5797 1
5799 1
5805 1
5815 1
5818 1
5820 1
5821 1
5826 2
5827 1
5832 1
5846 1
5847 1
5858 2
5860 2
5861 2
5868 1
5870 1
5873 1
5878 1
5880 1
5886 1
5887 1
5893 2
5901 1
5904 1
5910 1
5916 1
5926 1
5931 1
5932 1
5939 1
5949 1
5950 1
5952 1
5957 1
5965 1
5972 1
5975 1
5984 1
5990 1
5992 1
5997 1
6002 1
6012 1
6018 1
6028 2
6029 2
6031 1
6052 1
6058 1
6069 1
6071 2
6074 1
6080 2
6090 1
6109 1
6113 1
6121 2
6132 1
6133 1
6134 1
6135 1
6142 1
6162 2
6163 1
6167 1
6171 1
6173 1
6178 1
6184 1
6185 1
6197 1
6200 1
6204 1
6210 2
6214 1
6220 1
6222 1
6226 2
6228 1
6229 1
6233 2
6243 1
6249 1
6277 1
6278 1
6282 2
6289 1
6290 1
6293 1
6297 1
6298 1
6304 1
6307 1
6312 1
6317 1
6318 1
6321 1
6326 1
6338 1
6339 1
6342 2
6345 1
6349 1
6361 1
6380 1
6381 1
6383 1
6399 1
6409 1
6417 1
6421 1
6423 1
6424 1
6426 1
6427 1
6434 1
6438 1
6440 1
6445 1
6457 1
6463 1
6472 1
6473 1
6476 1
6495 1
6497 1
6506 1
6507 1
6510 1
6512 1
6513 2
6521 1
6523 1
6528 1
6531 1
6532 1
6543 1
6544 1
6550 2
6558 1
6560 1
6561 1
6565 1
6572 1
6574 2
6581 1
6589 2
6592 1
6595 1
6599 2
6608 1
6610 1
6611 1
6614 1
6616 1
6627 1
6628 1
6631 1
6632 2
6638 2
6655 1
6670 1
6672 1
6680 1
6682 1
6683 1
6690 1
6695 1
6698 1
6700 1
6705 3
6707 2
6710 1
6711 1
6712 1
6714 1
6719 2
6723 1
6727 1
6730 1
6733 2
6739 1
6748 1
6750 1
6756 1
6766 1
6769 1
6772 1
6777 1
6780 2
6783 2
6784 1
6786 1
6789 1
6801 1
6802 1
6804 1
6811 1
6812 1
6823 1
6829 1
6832 2
6834 1
6850 1
6856 1
6866 1
6875 1
6878 1
6882 1
6888 1
6901 1
6902 1
6905 1
6906 1
6911 1
6912 1
6914 1
6922 1
6924 1
6927 1
6928 1
6929 2
6933 1
6935 1
6938 1
6948 1
6953 1
6960 1
6965 1
6972 1
6977 1
6978 1
6985 1
6988 1
6993 1
7000 1
7002 1
7006 1
7012 1
7019 1
7021 1
7031 1
7032 1
7036 1
7039 1
7040 1
7042 1
7043 1
7046 1
7070 1
7077 1
7084 1
7089 2
7090 1
7091 2
7098 1
7107 1
7109 1
7114 1
7115 1
7120 1
7123 1
7128 1
7129 1
7141 1
7142 1
7146 1
7147 1
7151 1
7153 1
7154 1
7164 1
7166 1
7185 1
7197 1
7198 1
7203 1
7206 2
7213 1
7214 1
7221 1
7228 1
7229 1
7230 1
7244 1
7246 1
7253 1
7255 1
7256 2
7258 1
7266 1
7268 1
7299 2
7300 1
7310 1
7312 1
7318 1
7320 1
7326 2
7335 2
7336 2
7358 1
7360 1
7364 1
7366 1
7367 2
7369 1
7376 1
7377 1
7379 1
7383 1
7390 1
7396 1
7398 1
7399 1
7400 2
7404 1
7406 2
7413 1
7417 1
7421 1
7432 1
7437 1
7440 1
7441 1
7447 1
7448 2
7451 1
7453 1
7454 1
7459 1
7460 1
7476 1
7491 1
7492 1
7499 1
7502 1
7505 1
7509 2
7519 1
7524 1
7528 1
7534 1
7536 1
7545 1
7550 1
7554 1
7556 1
7562 1
7582 1
7586 1
7589 1
7599 1
7602 1
7603 1
7608 2
7613 1
7616 1
7622 1
7625 1
7627 1
7628 2
7638 1
7640 1
7642 1
7645 1
7646 2
7647 1
7667 1
7683 1
7687 1
7688 1
7691 1
7692 1
7696 1
7704 1
7705 1
7712 1
7714 1
7719 1
7721 1
7725 1
7727 1
7728 1
7729 1
7732 2
7737 1
7740 1
7741 1
7749 1
7751 1
7754 1
7756 1
7759 1
7761 1
7765 1
7766 1
7770 2
7771 1
7773 1
7778 1
7779 1
7780 1
7783 1
7784 1
7786 1
7792 1
7796 2
7800 1
7802 1
7806 2
7811 1
7817 1
7819 2
7820 1
7823 2
7826 1
7828 2
7833 1
7839 1
7841 1
7842 1
7844 1
7845 1
7850 2
7854 1
7865 1
7871 1
7881 1
7883 1
7888 1
7889 1
7897 1
7900 1
7905 1
7910 2
7915 1
7916 1
7918 1
7920 1
7923 1
7925 1
7927 1
7931 1
7945 1
7947 1
7952 1
7963 1
7975 1
7977 1
7984 1
7992 1
8001 1
8003 1
8004 1
8005 1
8007 1
8018 2
8027 1
8028 1
8031 1
8034 2
8041 1
8043 1
8046 1
8062 1
8083 1
8090 1
8091 1
8102 1
8107 1
8120 1
8121 1
8129 1
8132 1
8135 2
8139 1
8141 1
8157 1
8158 1
8163 1
8164 1
8168 1
8170 1
8172 1
8174 1
8182 1
8186 1
8189 1
8196 1
8197 1
8198 1
8199 1
8216 1
8218 2
8219 1
8220 1
8224 1
8230 1
8239 1
8263 1
8267 1
8268 1
8269 1
8271 1
8275 1
8277 1
8278 1
8282 1
8287 1
8288 1
8294 1
8304 1
8305 1
8306 1
8311 1
8316 1
8318 1
8341 1
8347 1
8348 1
8355 1
8359 1
8369 1
8371 1
8372 1
8373 1
8379 1
8396 1
8398 1
8399 2
8404 2
8407 2
8418 1
8422 1
8429 1
8436 1
8448 1
8452 1
8454 1
8472 1
8477 1
8478 1
8485 1
8490 1
8494 1
8496 1
8498 1
8499 1
8501 1
8505 1
8519 1
8521 1
8523 2
8531 2
8534 1
8537 2
8547 1
8552 1
8553 1
8559 1
8564 2
8578 1
8581 1
8588 1
8597 1
8603 2
8611 1
8618 1
8620 2
8632 1
8634 1
8635 1
8637 1
8645 1
8653 1
8660 1
8669 1
8671 1
8673 1
8677 1
8679 1
8682 1
8687 1
8691 1
8701 1
8708 1
8714 1
8717 1
8722 1
8724 1
8727 1
8737 1
8738 1
8760 1
8772 1
8774 1
8778 1
8784 3
8785 1
8787 1
8789 1
8790 1
8796 1
8808 1
8814 3
8815 1
8819 1
8822 1
8827 2
8831 1
8832 2
8838 1
8839 1
8843 1
8844 1
8846 1
8861 1
8865 1
8875 2
8882 1
8886 1
8892 1
8900 1
8905 1
8921 1
8923 1
8928 1
8931 1
8935 2
8937 1
8945 2
8953 1
8957 1
8961 1
8964 1
8967 2
8968 1
8970 1
8971 1
8976 1
8984 1
8990 2
8992 1
8995 1
9011 1
9015 1
9017 1
9024 1
9027 1
9029 2
9034 1
9035 1
9036 1
9038 1
9043 1
9047 2
9052 1
9054 2
9062 1
9063 1
9067 1
9069 1
9073 1
9080 1
9084 1
9085 1
9088 1
9096 1
9105 1
9106 2
9109 1
9120 1
9127 1
9132 1
9133 3
9145 1
9155 1
9158 1
9161 1
9163 1
9166 1
9167 1
9173 1
9174 1
9180 2
9181 2
9189 1
9190 1
9192 1
9202 1
9203 1
9206 1
9207 1
9209 1
9220 1
9228 1
9229 1
9232 1
9234 1
9240 1
9249 3
9259 1
9267 1
9268 1
9269 2
9276 1
9278 1
9279 1
9280 1
9285 1
9293 1
9294 1
9297 1
9305 1
9306 1
9307 1
9313 1
9315 1
9320 1
9324 2
9335 2
9339 1
9340 1
9341 1
9342 1
9351 1
9353 1
9358 1
9364 1
9372 1
9373 1
9377 1
9382 1
9383 1
9385 1
9389 1
9399 2
9402 1
9407 1
9411 1
9418 1
9424 1
9429 1
9434 1
9447 1
9449 1
9451 1
9458 1
9461 1
9466 1
9470 1
9473 1
9475 1
9478 1
9482 2
9485 3
9488 1
9493 1
9494 1
9501 1
9509 1
9517 1
9525 1
9544 1
9554 1
9559 1
9561 1
9563 1
9564 2
9566 1
9568 1
9570 1
9581 1
9591 1
9595 1
9604 1
9606 1
9610 1
9622 1
9626 1
9628 1
9636 1
9639 1
9646 1
9660 1
9662 1
9669 1
9670 1
9683 1
9684 1
9702 1
9705 1
9714 1
9723 1
9730 1
9734 1
9741 1
9746 1
9748 1
9764 2
9766 1
9772 1
9784 1
9785 1
9797 1
9798 1
9810 2
9813 1
9817 1
9818 1
9819 2
9824 1
9825 1
9830 1
9837 2
9847 1
9848 1
9851 2
9852 2
9858 2
9869 1
9879 1
9886 1
9889 1
9891 1
9897 1
9908 1
9921 1
9926 1
9927 1
9931 1
9950 1
9956 1
9957 1
9968 1
9971 1
9972 1
9978 1
9982 1
9987 1
9992 1
9995 2
