0 9
1 12
2 10
3 12
4 13
5 15
6 7
7 13
8 6
9 7
10 14
11 11
12 6
13 11
14 7
15 14
16 10
17 13
18 9
19 6
20 10
21 12
22 8
23 9
24 7
25 8
26 8
27 5
28 5
29 6
30 12
31 10
32 12
33 7
34 6
35 10
36 4
37 8
38 12
39 7
40 8
41 9
42 4
43 10
44 15
45 13
46 12
47 11
48 17
49 6
50 8
51 7
52 9
53 9
54 11
55 13
56 13
57 16
58 11
59 15
60 9
61 8
62 7
63 9
64 13
65 13
66 14
67 11
68 9
69 6
70 9
71 7
72 9
73 6
74 5
75 4
76 5
77 13
78 4
79 6
80 14
81 8
82 8
83 13
84 12
85 5
86 11
87 14
88 11
89 11
90 17
91 7
92 12
93 6
94 9
95 8
96 12
97 3
98 3
99 14
100 7
101 9
102 9
103 12
104 14
105 9
106 10
107 7
108 11
109 7
110 13
111 15
112 12
113 9
114 12
115 13
116 7
117 7
118 5
119 13
120 5
121 4
122 5
123 5
124 8
125 14
126 8
127 14
128 13
129 9
130 10
131 10
132 10
133 7
134 7
135 8
136 17
137 9
138 8
139 9
140 9
141 16
142 12
143 9
144 12
145 8
146 9
147 9
148 8
149 13
150 9
151 15
152 6
153 16
154 7
155 8
156 6
157 10
158 10
159 10
160 12
161 6
162 9
163 6
164 13
165 11
166 9
167 10
168 8
169 7
170 12
171 11
172 9
173 9
174 7
175 6
176 15
177 4
178 11
179 7
180 2
181 10
182 8
183 16
184 7
185 12
186 15
187 7
188 15
189 18
190 4
191 7
192 6
193 14
194 13
195 12
196 6
197 15
198 10
199 10
200 12
201 9
202 9
203 11
204 18
205 8
206 5
207 12
208 11
209 12
210 11
211 12
212 10
213 11
214 14
215 10
216 10
217 17
218 7
219 11
220 10
221 7
222 12
223 8
224 15
225 12
226 12
227 7
228 10
229 7
230 6
231 8
232 8
233 19
234 6
235 10
236 7
237 13
238 12
239 12
240 16
241 13
242 11
243 15
244 8
245 12
246 11
247 7
248 6
249 13
250 10
251 6
252 11
253 13
254 17
255 8
256 5
257 10
258 11
259 9
260 13
261 8
262 14
263 8
264 9
265 9
266 10
267 11
268 10
269 11
270 8
271 13
272 10
273 7
274 6
275 14
276 12
277 12
278 8
279 5
280 6
281 12
282 2
283 10
284 8
285 6
286 11
287 17
288 6
289 11
290 10
291 8
292 12
293 14
294 9
295 11
296 11
297 12
298 18
299 4
300 8
301 9
302 9
303 10
304 13
305 10
306 11
307 12
308 15
309 9
310 10
311 17
312 7
313 10
314 5
315 7
316 8
317 12
318 10
319 11
320 5
321 10
322 12
323 8
324 10
325 12
326 10
327 11
328 14
329 9
330 16
331 10
332 13
333 7
334 11
335 14
336 16
337 9
338 14
339 12
340 8
341 15
342 12
343 8
344 9
345 10
346 7
347 16
348 12
349 9
350 11
351 11
352 7
353 9
354 8
355 5
356 7
357 10
358 3
359 7
360 11
361 11
362 8
363 5
364 8
365 11
366 11
367 13
368 10
369 5
370 9
371 10
372 10
373 8
374 16
375 10
376 18
377 7
378 8
379 12
380 16
381 8
382 9
383 11
384 9
385 12
386 14
387 6
388 13
389 8
390 5
391 8
392 13
393 8
394 9
395 7
396 8
397 12
398 11
399 9
400 5
401 18
402 9
403 8
404 11
405 7
406 17
407 9
408 10
409 11
410 12
411 7
412 2
413 9
414 11
415 8
416 11
417 12
418 5
419 10
420 16
421 9
422 14
423 10
424 9
425 10
426 11
427 8
428 9
429 14
430 13
431 13
432 10
433 9
434 9
435 6
436 10
437 16
438 11
439 17
440 11
441 8
442 7
443 11
444 18
445 10
446 9
447 10
448 9
449 13
450 8
451 7
452 5
453 11
454 12
455 10
456 10
457 9
458 10
459 9
460 10
461 6
462 6
463 12
464 8
465 10
466 14
467 9
468 13
469 7
470 5
471 5
472 12
473 10
474 15
475 12
476 14
477 9
478 15
479 6
480 10
481 6
482 6
483 6
484 8
485 7
486 5
487 6
488 12
489 12
490 8
491 8
492 3
493 12
494 8
495 5
496 10
497 10
498 13
499 9
500 8
501 13
502 15
503 8
504 9
505 11
506 19
507 12
508 6
509 9
510 7
511 9
512 6
513 9
514 9
515 8
516 17
517 7
518 11
519 11
520 10
521 10
522 5
523 7
524 12
525 14
526 6
527 8
528 10
529 14
530 7
531 14
532 8
533 11
534 11
535 10
536 7
537 12
538 12
539 13
540 9
541 10
542 12
543 15
544 6
545 8
546 8
547 13
548 11
549 9
550 10
551 14
552 12
553 6
554 14
555 10
556 12
557 12
558 12
559 9
560 8
561 13
562 9
563 18
564 5
565 7
566 7
567 10
568 11
569 6
570 13
571 10
572 5
573 14
574 5
575 9
576 6
577 7
578 9
579 8
580 10
581 10
582 14
583 5
584 6
585 11
586 10
587 10
588 13
589 15
590 14
591 10
592 9
593 5
594 12
595 16
596 5
597 10
598 10
599 13
600 8
601 13
602 9
603 7
604 7
605 11
606 6
607 11
608 12
609 9
610 10
611 12
612 5
613 7
614 8
615 16
616 7
617 8
618 11
619 12
620 13
621 6
622 11
623 10
624 10
625 5
626 9
627 9
628 18
629 15
630 8
631 10
632 3
633 6
634 13
635 7
636 12
637 11
638 9
639 12
640 15
641 14
642 8
643 10
644 7
645 9
646 5
647 11
648 8
649 8
650 7
651 7
652 11
653 3
654 10
655 8
656 8
657 8
658 13
659 12
660 7
661 10
662 7
663 12
664 8
665 8
666 8
667 13
668 14
669 9
670 14
671 11
672 10
673 11
674 14
675 7
676 12
677 10
678 9
679 10
680 8
681 9
682 6
683 10
684 13
685 11
686 13
687 4
688 9
689 13
690 18
691 7
692 8
693 6
694 8
695 14
696 10
697 12
698 16
699 12
700 11
701 10
702 7
703 11
704 7
705 10
706 18
707 10
708 15
709 8
710 9
711 8
712 14
713 11
714 5
715 10
716 12
717 10
718 5
719 12
720 12
721 11
722 7
723 10
724 6
725 9
726 17
727 10
728 8
729 10
730 7
731 9
732 13
733 9
734 9
735 10
736 16
737 13
738 14
739 14
740 14
741 12
742 13
743 10
744 12
745 10
746 11
747 19
748 11
749 9
750 9
751 11
752 11
753 7
754 10
755 9
756 12
757 9
758 9
759 7
760 14
761 11
762 3
763 7
764 14
765 5
766 11
767 9
768 8
769 9
770 11
771 8
772 7
773 15
774 8
775 17
776 6
777 5
778 11
779 14
780 13
781 7
782 10
783 7
784 6
785 10
786 4
787 11
788 12
789 7
790 11
791 8
792 3
793 5
794 15
795 10
796 11
797 7
798 9
799 9
800 6
801 10
802 7
803 15
804 7
805 7
806 12
807 8
808 13
809 12
810 9
811 12
812 11
813 15
814 10
815 8
816 9
817 14
818 12
819 9
820 11
821 7
822 7
823 7
824 7
825 13
826 9
827 10
828 10
829 10
830 7
831 14
832 7
833 13
834 12
835 5
836 5
837 11
838 12
839 16
840 9
841 18
842 12
843 8
844 11
845 8
846 11
847 5
848 12
849 10
850 14
851 11
852 12
853 8
854 8
855 9
856 6
857 12
858 7
859 10
860 4
861 10
862 11
863 19
864 7
865 9
866 9
867 9
868 10
869 9
870 10
871 10
872 13
873 12
874 13
875 8
876 13
877 12
878 10
879 3
880 6
881 7
882 12
883 12
884 6
885 6
886 14
887 2
888 6
889 6
890 7
891 14
892 10
893 8
894 12
895 7
896 12
897 12
898 9
899 11
900 7
901 13
902 13
903 6
904 6
905 12
906 5
907 11
908 11
909 6
910 6
911 9
912 11
913 5
914 15
915 3
916 12
917 5
918 11
919 10
920 14
921 10
922 12
923 4
924 10
925 4
926 12
927 10
928 10
929 11
930 11
931 9
932 8
933 8
934 14
935 5
936 11
937 7
938 10
939 7
940 5
941 9
942 12
943 9
944 11
945 7
946 11
947 10
948 14
949 10
950 15
951 8
952 13
953 10
954 13
955 9
956 9
957 11
958 6
959 4
960 10
961 12
962 6
963 4
964 11
965 10
966 4
967 7
968 13
969 10
970 12
971 3
972 5
973 6
974 8
975 13
976 6
977 10
978 10
979 10
980 6
981 11
982 8
983 11
984 8
985 5
986 10
987 10
988 5
989 12
990 6
991 7
992 7
993 13
994 11
995 6
996 12
997 9
998 10
999 13
1000 7
1001 12
1002 7
1003 3
1004 6
1005 11
1006 6
1007 4
1008 8
1009 8
1010 9
1011 5
1012 9
1013 13
1014 4
1015 9
1016 10
1017 15
1018 9
1019 10
1020 9
1021 8
1022 12
1023 12
1024 9
1025 6
1026 11
1027 13
1028 14
1029 7
1030 8
1031 7
1032 4
1033 11
1034 13
1035 8
1036 7
1037 13
1038 15
1039 9
1040 16
1041 12
1042 7
1043 11
1044 7
1045 8
1046 7
1047 7
1048 10
1049 12
1050 8
1051 12
1052 12
1053 11
1054 8
1055 12
1056 10
1057 7
1058 10
1059 10
1060 10
1061 7
1062 8
1063 7
1064 11
1065 11
1066 11
1067 11
1068 8
1069 6
1070 7
1071 11
1072 6
1073 8
1074 5
1075 6
1076 15
1077 9
1078 6
1079 11
1080 5
1081 14
1082 9
1083 10
1084 7
1085 8
1086 14
1087 10
1088 11
1089 10
1090 7
1091 8
1092 12
1093 15
1094 13
1095 9
1096 13
1097 10
1098 11
1099 10
1100 10
1101 8
1102 10
1103 3
1104 13
1105 5
1106 9
1107 4
1108 12
1109 5
1110 10
1111 14
1112 17
1113 12
1114 5
1115 4
1116 5
1117 10
1118 11
1119 13
1120 8
1121 10
1122 8
1123 13
1124 14
1125 8
1126 12
1127 6
1128 11
1129 11
1130 13
1131 8
1132 9
1133 14
1134 9
1135 16
1136 9
1137 11
1138 12
1139 9
1140 8
1141 10
1142 13
1143 16
1144 10
1145 11
1146 10
1147 13
1148 5
1149 9
1150 11
1151 9
1152 11
1153 12
1154 10
1155 11
1156 10
1157 11
1158 8
1159 12
1160 10
1161 9
1162 10
1163 5
1164 10
1165 6
1166 10
1167 6
1168 6
1169 11
1170 10
1171 10
1172 8
1173 4
1174 9
1175 11
1176 12
1177 5
1178 10
1179 10
1180 2
1181 8
1182 12
1183 8
1184 9
1185 12
1186 8
1187 9
1188 10
1189 12
1190 8
1191 13
1192 9
1193 7
1194 11
1195 9
1196 6
1197 9
1198 7
1199 9
1200 7
1201 11
1202 13
1203 8
1204 10
1205 7
1206 8
1207 7
1208 8
1209 10
1210 6
1211 10
1212 10
1213 6
1214 7
1215 7
1216 9
1217 13
1218 10
1219 18
1220 10
1221 8
1222 19
1223 11
1224 20
1225 8
1226 9
1227 6
1228 13
1229 11
1230 6
1231 7
1232 8
1233 7
1234 4
1235 11
1236 8
1237 12
1238 10
1239 13
1240 11
1241 10
1242 8
1243 5
1244 5
1245 9
1246 6
1247 13
1248 10
1249 12
1250 7
1251 6
1252 9
1253 16
1254 13
1255 9
1256 7
1257 6
1258 11
1259 11
1260 16
1261 15
1262 6
1263 13
1264 8
1265 15
1266 11
1267 9
1268 14
1269 8
1270 7
1271 7
1272 5
1273 10
1274 8
1275 10
1276 9
1277 9
1278 10
1279 18
1280 10
1281 7
1282 7
1283 11
1284 3
1285 6
1286 11
1287 7
1288 12
1289 13
1290 8
1291 9
1292 6
1293 10
1294 12
1295 11
1296 8
1297 8
1298 16
1299 11
1300 11
1301 8
1302 12
1303 9
1304 10
1305 11
1306 9
1307 12
1308 8
1309 14
1310 13
1311 16
1312 8
1313 8
1314 9
1315 10
1316 14
1317 2
1318 6
1319 11
1320 13
1321 15
1322 12
1323 15
1324 9
1325 12
1326 6
1327 7
1328 3
1329 8
1330 5
1331 7
1332 10
1333 7
1334 11
1335 13
1336 15
1337 8
1338 15
1339 14
1340 10
1341 14
1342 12
1343 13
1344 6
1345 14
1346 12
1347 14
1348 13
1349 6
1350 6
1351 11
1352 11
1353 6
1354 7
1355 9
1356 5
1357 11
1358 13
1359 15
1360 11
1361 6
1362 11
1363 7
1364 11
1365 9
1366 5
1367 5
1368 10
1369 10
1370 10
1371 7
1372 12
1373 11
1374 4
1375 14
1376 10
1377 6
1378 11
1379 7
1380 9
1381 10
1382 7
1383 11
1384 7
1385 11
1386 8
1387 9
1388 2
1389 12
1390 9
1391 14
1392 11
1393 8
1394 11
1395 11
1396 13
1397 9
1398 13
1399 10
1400 12
1401 5
1402 6
1403 11
1404 11
1405 10
1406 20
1407 13
1408 14
1409 9
1410 11
1411 14
1412 11
1413 14
1414 16
1415 8
1416 12
1417 7
1418 12
1419 6
1420 10
1421 6
1422 14
1423 7
1424 15
1425 12
1426 10
1427 7
1428 8
1429 6
1430 4
1431 11
1432 7
1433 11
1434 9
1435 12
1436 8
1437 9
1438 13
1439 9
1440 10
1441 15
1442 15
1443 9
1444 10
1445 5
1446 10
1447 7
1448 4
1449 8
1450 10
1451 13
1452 16
1453 6
1454 7
1455 15
1456 8
1457 6
1458 14
1459 16
1460 3
1461 11
1462 14
1463 15
1464 12
1465 7
1466 17
1467 7
1468 11
1469 14
1470 7
1471 15
1472 14
1473 12
1474 4
1475 14
1476 9
1477 10
1478 7
1479 9
1480 6
1481 10
1482 10
1483 6
1484 3
1485 11
1486 10
1487 12
1488 14
1489 9
1490 8
1491 8
1492 15
1493 9
1494 14
1495 20
1496 14
1497 5
1498 10
1499 11
1500 12
1501 19
1502 10
1503 11
1504 10
1505 9
1506 6
1507 9
1508 11
1509 8
1510 15
1511 10
1512 15
1513 13
1514 11
1515 10
1516 5
1517 11
1518 13
1519 9
1520 15
1521 8
1522 8
1523 11
1524 7
1525 8
1526 8
1527 10
1528 11
1529 15
1530 15
1531 12
1532 5
1533 9
1534 11
1535 12
1536 13
1537 14
1538 13
1539 15
1540 11
1541 14
1542 10
1543 9
1544 12
1545 14
1546 12
1547 4
1548 14
1549 9
1550 13
1551 12
1552 8
1553 10
1554 11
1555 7
1556 10
1557 11
1558 7
1559 11
1560 11
1561 9
1562 8
1563 11
1564 9
1565 9
1566 6
1567 14
1568 13
1569 9
1570 8
1571 14
1572 9
1573 8
1574 12
1575 15
1576 9
1577 10
1578 14
1579 12
1580 10
1581 8
1582 7
1583 12
1584 6
1585 17
1586 8
1587 8
1588 10
1589 9
1590 8
1591 10
1592 11
1593 11
1594 8
1595 10
1596 10
1597 8
1598 4
1599 7
1600 13
1601 14
1602 9
1603 7
1604 14
1605 9
1606 11
1607 12
1608 12
1609 6
1610 12
1611 7
1612 13
1613 11
1614 6
1615 11
1616 11
1617 11
1618 7
1619 10
1620 7
1621 12
1622 11
1623 9
1624 11
1625 11
1626 13
1627 13
1628 10
1629 10
1630 13
1631 9
1632 22
1633 11
1634 11
1635 16
1636 14
1637 12
1638 11
1639 9
1640 17
1641 10
1642 9
1643 4
1644 8
1645 6
1646 12
1647 8
1648 13
1649 7
1650 5
1651 8
1652 12
1653 10
1654 14
1655 11
1656 7
1657 8
1658 7
1659 2
1660 6
1661 11
1662 12
1663 9
1664 7
1665 13
1666 9
1667 6
1668 12
1669 10
1670 10
1671 12
1672 12
1673 8
1674 3
1675 14
1676 9
1677 6
1678 8
1679 9
1680 10
1681 10
1682 7
1683 10
1684 5
1685 9
1686 11
1687 8
1688 9
1689 6
1690 16
1691 9
1692 15
1693 6
1694 6
1695 11
1696 5
1697 10
1698 10
1699 15
1700 6
1701 11
1702 9
1703 10
1704 12
1705 12
1706 9
1707 9
1708 13
1709 15
1710 6
1711 10
1712 7
1713 8
1714 8
1715 10
1716 7
1717 10
1718 16
1719 15
1720 6
1721 12
1722 10
1723 9
1724 8
1725 11
1726 5
1727 9
1728 9
1729 7
1730 11
1731 9
1732 6
1733 16
1734 8
1735 7
1736 13
1737 6
1738 12
1739 16
1740 8
1741 10
1742 9
1743 9
1744 11
1745 6
1746 13
1747 9
1748 13
1749 5
1750 6
1751 9
1752 11
1753 12
1754 10
1755 14
1756 11
1757 17
1758 13
1759 8
1760 7
1761 14
1762 5
1763 4
1764 9
1765 8
1766 13
1767 12
1768 11
1769 10
1770 15
1771 12
1772 6
1773 12
1774 7
1775 7
1776 13
1777 8
1778 12
1779 7
1780 6
1781 10
1782 8
1783 9
1784 11
1785 3
1786 13
1787 13
1788 9
1789 11
1790 4
1791 15
1792 15
1793 10
1794 8
1795 12
1796 13
1797 11
1798 4
1799 10
1800 15
1801 10
1802 12
1803 16
1804 11
1805 10
1806 9
1807 9
1808 14
1809 7
1810 5
1811 6
1812 12
1813 10
1814 10
1815 8
1816 10
1817 12
1818 14
1819 6
1820 8
1821 14
1822 4
1823 3
1824 14
1825 11
1826 12
1827 11
1828 11
1829 6
1830 7
1831 9
1832 8
1833 10
1834 13
1835 9
1836 9
1837 10
1838 13
1839 14
1840 15
1841 10
1842 6
1843 8
1844 5
1845 10
1846 8
1847 11
1848 7
1849 6
1850 7
1851 10
1852 11
1853 18
1854 6
1855 13
1856 9
1857 18
1858 14
1859 6
1860 10
1861 12
1862 6
1863 9
1864 7
1865 15
1866 9
1867 10
1868 16
1869 7
1870 7
1871 4
1872 12
1873 15
1874 6
1875 21
1876 5
1877 16
1878 10
1879 10
1880 4
1881 10
1882 7
1883 10
1884 5
1885 5
1886 6
1887 14
1888 20
1889 13
1890 9
1891 9
1892 10
1893 10
1894 10
1895 11
1896 5
1897 8
1898 12
1899 11
1900 4
1901 3
1902 14
1903 8
1904 11
1905 10
1906 10
1907 14
1908 7
1909 7
1910 10
1911 10
1912 5
1913 9
1914 16
1915 9
1916 12
1917 8
1918 11
1919 11
1920 10
1921 6
1922 12
1923 10
1924 8
1925 17
1926 13
1927 11
1928 12
1929 7
1930 13
1931 10
1932 6
1933 9
1934 11
1935 10
1936 14
1937 12
1938 9
1939 15
1940 11
1941 4
1942 14
1943 8
1944 12
1945 6
1946 18
1947 13
1948 9
1949 10
1950 9
1951 15
1952 15
1953 12
1954 16
1955 11
1956 15
1957 6
1958 8
1959 11
1960 14
1961 10
1962 15
1963 8
1964 13
1965 9
1966 9
1967 10
1968 8
1969 9
1970 11
1971 12
1972 11
1973 10
1974 9
1975 12
1976 10
1977 12
1978 10
1979 10
1980 9
1981 3
1982 8
1983 12
1984 16
1985 10
1986 13
1987 8
1988 13
1989 7
1990 2
1991 9
1992 10
1993 12
1994 11
1995 4
1996 12
1997 7
1998 8
1999 10
2000 10
2001 6
2002 13
2003 9
2004 11
2005 14
2006 14
2007 14
2008 11
2009 22
2010 8
2011 12
2012 12
2013 13
2014 5
2015 8
2016 12
2017 9
2018 8
2019 5
2020 8
2021 9
2022 11
2023 7
2024 10
2025 15
2026 11
2027 9
2028 8
2029 8
2030 9
2031 9
2032 8
2033 13
2034 9
2035 6
2036 12
2037 7
2038 4
2039 11
2040 7
2041 12
2042 5
2043 13
2044 2
2045 10
2046 5
2047 11
2048 12
2049 11
2050 17
2051 11
2052 13
2053 7
2054 19
2055 8
2056 14
2057 11
2058 9
2059 13
2060 5
2061 15
2062 7
2063 13
2064 8
2065 12
2066 9
2067 12
2068 14
2069 8
2070 11
2071 11
2072 7
2073 8
2074 7
2075 14
2076 12
2077 6
2078 8
2079 7
2080 9
2081 10
2082 11
2083 6
2084 17
2085 9
2086 10
2087 13
2088 5
2089 10
2090 5
2091 7
2092 9
2093 8
2094 10
2095 14
2096 16
2097 12
2098 13
2099 8
2100 5
2101 9
2102 10
2103 13
2104 11
2105 11
2106 7
2107 6
2108 12
2109 10
2110 7
2111 13
2112 11
2113 13
2114 13
2115 9
2116 15
2117 4
2118 14
2119 11
2120 14
2121 6
2122 13
2123 10
2124 8
2125 5
2126 11
2127 6
2128 11
2130 7
2131 7
2132 10
2133 13
2134 8
2135 11
2136 14
2137 15
2138 14
2139 8
2140 8
2141 8
2142 6
2143 7
2144 8
2145 15
2146 8
2147 15
2148 14
2149 15
2150 10
2151 13
2152 6
2153 10
2154 8
2155 9
2156 13
2157 13
2158 15
2159 11
2160 10
2161 10
2162 12
2163 12
2164 7
2165 7
2166 7
2167 9
2168 10
2169 7
2170 6
2171 8
2172 12
2173 13
2174 13
2175 11
2176 14
2177 7
2178 8
2179 2
2180 7
2181 8
2182 15
2183 8
2184 6
2185 5
2186 13
2187 9
2188 8
2189 7
2190 11
2191 10
2192 13
2193 8
2194 9
2195 10
2196 10
2197 7
2198 10
2199 9
2200 9
2201 13
2202 9
2203 7
2204 9
2205 2
2206 12
2207 12
2208 16
2209 10
2210 9
2211 12
2212 6
2213 6
2214 9
2215 12
2216 9
2217 15
2218 11
2219 11
2220 8
2221 11
2222 12
2223 11
2224 8
2225 5
2226 7
2227 13
2228 7
2229 10
2230 4
2231 13
2232 13
2233 6
2234 7
2235 12
2236 6
2237 3
2238 10
2239 7
2240 13
2241 8
2242 9
2243 7
2244 11
2245 11
2246 10
2247 8
2248 7
2249 9
2250 10
2251 11
2252 14
2253 10
2254 16
2255 11
2256 6
2257 7
2258 10
2259 3
2260 13
2261 11
2262 10
2263 10
2264 12
2265 9
2266 7
2267 12
2268 7
2269 11
2270 11
2271 14
2272 6
2273 7
2274 11
2275 11
2276 11
2277 8
2278 12
2279 12
2280 11
2281 10
2282 10
2283 8
2284 5
2285 9
2286 10
2287 10
2288 13
2289 12
2290 14
2291 9
2292 7
2293 7
2294 2
2295 7
2296 8
2297 11
2298 13
2299 6
2300 10
2301 8
2302 9
2303 13
2304 9
2305 15
2306 12
2307 16
2308 9
2309 8
2310 14
2311 13
2312 14
2313 9
2314 11
2315 9
2316 15
2317 11
2318 11
2319 9
2320 15
2321 10
2322 15
2323 8
2324 11
2325 8
2326 11
2327 10
2328 11
2329 4
2330 5
2331 7
2332 16
2333 10
2334 8
2335 9
2336 11
2337 8
2338 8
2339 8
2340 16
2341 8
2342 5
2343 9
2344 11
2345 9
2346 13
2347 10
2348 6
2349 6
2350 11
2351 13
2352 6
2353 4
2354 9
2355 8
2356 10
2357 9
2358 16
2359 13
2360 7
2361 11
2362 18
2363 8
2364 7
2365 9
2366 11
2367 10
2368 7
2369 14
2370 6
2371 11
2372 18
2373 8
2374 8
2375 8
2376 11
2377 9
2378 9
2379 11
2380 9
2381 9
2382 5
2383 7
2384 9
2385 9
2386 10
2387 7
2388 7
2389 14
2390 15
2391 11
2392 9
2393 5
2394 6
2395 6
2396 6
2397 17
2398 14
2399 12
2400 8
2401 7
2402 6
2403 7
2404 17
2405 11
2406 10
2407 9
2408 7
2409 5
2410 11
2411 14
2412 8
2413 8
2414 7
2415 9
2416 7
2417 10
2418 10
2419 4
2420 12
2421 7
2422 12
2423 17
2424 7
2425 10
2426 10
2427 14
2428 12
2429 9
2430 6
2431 15
2432 11
2433 11
2434 10
2435 12
2436 8
2437 11
2438 11
2439 11
2440 7
2441 9
2442 18
2443 14
2444 17
2445 14
2446 13
2447 17
2448 13
2449 7
2450 5
2451 14
2452 14
2453 11
2454 9
2455 12
2456 6
2457 9
2458 14
2459 5
2460 9
2461 9
2462 7
2463 13
2464 8
2465 9
2466 9
2467 10
2468 15
2469 10
2470 6
2471 9
2472 12
2473 6
2474 10
2475 10
2476 12
2477 7
2478 17
2479 15
2480 8
2481 11
2482 6
2483 4
2484 10
2485 7
2486 15
2487 9
2488 8
2489 7
2490 12
2491 11
2492 8
2493 7
2494 8
2495 6
2496 10
2497 10
2498 7
2499 14
2500 10
2501 10
2502 13
2503 6
2504 12
2505 11
2506 8
2507 9
2508 9
2509 10
2510 6
2511 12
2512 7
2513 9
2514 9
2515 10
2516 11
2517 9
2518 13
2519 9
2520 14
2521 13
2522 17
2523 14
2524 7
2525 4
2526 12
2527 8
2528 11
2529 9
2530 10
2531 9
2532 8
2533 21
2534 11
2535 6
2536 6
2537 8
2538 12
2539 8
2540 11
2541 9
2542 13
2543 9
2544 7
2545 6
2546 11
2547 13
2548 13
2549 8
2550 17
2551 11
2552 16
2553 12
2554 7
2555 12
2556 11
2557 8
2558 17
2559 11
2560 9
2561 12
2562 6
2563 6
2564 11
2565 8
2566 11
2567 8
2568 8
2569 18
2570 9
2571 12
2572 13
2573 7
2574 10
2575 10
2576 14
2577 10
2578 10
2579 6
2580 8
2581 10
2582 10
2583 13
2584 12
2585 7
2586 4
2587 11
2588 12
2589 10
2590 9
2591 11
2592 12
2593 13
2594 11
2595 12
2596 15
2597 11
2598 10
2599 8
2600 7
2601 13
2602 9
2603 4
2604 8
2605 16
2606 6
2607 9
2608 7
2609 14
2610 8
2611 12
2612 15
2613 11
2614 9
2615 5
2616 7
2617 4
2618 9
2619 13
2620 7
2621 13
2622 9
2623 11
2624 9
2625 10
2626 9
2627 8
2628 12
2629 4
2630 11
2631 10
2632 12
2633 8
2634 9
2635 14
2636 9
2637 9
2638 9
2639 13
2640 6
2641 7
2642 5
2643 10
2644 15
2645 13
2646 12
2647 12
2648 5
2649 19
2650 11
2651 8
2652 9
2653 17
2654 13
2655 16
2656 15
2657 5
2658 10
2659 8
2660 14
2661 9
2662 15
2663 8
2664 8
2665 4
2666 10
2667 11
2668 7
2669 13
2670 6
2671 11
2672 7
2673 8
2674 12
2675 10
2676 7
2677 8
2678 7
2679 7
2680 12
2681 6
2682 14
2683 11
2684 8
2685 7
2686 11
2687 13
2688 17
2689 12
2690 5
2691 9
2692 12
2693 7
2694 14
2695 10
2696 7
2697 11
2698 10
2699 10
2700 10
2701 11
2702 9
2703 8
2704 9
2705 6
2706 10
2707 9
2708 10
2709 8
2710 9
2711 15
2712 9
2713 9
2714 8
2715 10
2716 7
2717 9
2718 11
2719 9
2720 13
2721 14
2722 10
2723 7
2724 13
2725 14
2726 14
2727 9
2728 10
2729 11
2730 9
2731 9
2732 14
2733 8
2734 9
2735 7
2736 13
2737 6
2738 15
2739 7
2740 14
2741 11
2742 9
2743 9
2744 9
2745 9
2746 6
2747 12
2748 6
2749 8
2750 6
2751 9
2752 10
2753 7
2754 10
2755 15
2756 9
2757 9
2758 5
2759 10
2760 13
2761 11
2762 8
2763 6
2764 11
2765 13
2766 9
2767 8
2768 10
2769 10
2770 12
2771 7
2772 9
2773 15
2774 6
2775 9
2776 5
2777 11
2778 13
2779 12
2780 11
2781 11
2782 13
2783 11
2784 5
2785 11
2786 8
2787 11
2788 9
2789 7
2790 11
2791 10
2792 8
2793 6
2794 12
2795 9
2796 15
2797 8
2798 15
2799 5
2800 10
2801 10
2802 12
2803 7
2804 9
2805 7
2806 14
2807 10
2808 9
2809 7
2810 10
2811 9
2812 13
2813 12
2814 11
2815 13
2816 15
2817 9
2818 10
2819 8
2820 10
2821 15
2822 18
2823 8
2824 10
2825 9
2826 7
2827 8
2828 10
2829 9
2830 16
2831 10
2832 7
2833 9
2834 12
2835 7
2836 11
2837 12
2838 8
2839 14
2840 7
2841 6
2842 17
2843 10
2844 10
2845 8
2846 18
2847 12
2848 13
2849 9
2850 13
2851 13
2852 12
2853 9
2854 12
2855 8
2856 15
2857 12
2858 11
2859 10
2860 19
2861 7
2862 7
2863 10
2864 6
2865 7
2866 14
2867 8
2868 7
2869 12
2870 11
2871 19
2872 12
2873 15
2874 8
2875 14
2876 10
2877 10
2878 14
2879 8
2880 16
2881 13
2882 9
2883 7
2884 7
2885 8
2886 10
2887 11
2888 11
2889 7
2890 11
2891 14
2892 9
2893 15
2894 8
2895 8
2896 4
2897 11
2898 12
2899 10
2900 6
2901 10
2902 8
2903 9
2904 11
2905 9
2906 8
2907 14
2908 15
2909 12
2910 11
2911 8
2912 10
2913 13
2914 11
2915 10
2916 10
2917 15
2918 11
2919 9
2920 6
2921 7
2922 6
2923 9
2924 10
2925 16
2926 10
2927 12
2928 8
2929 3
2930 9
2931 15
2932 8
2933 8
2934 19
2935 16
2936 10
2937 15
2938 9
2939 7
2940 15
2941 13
2942 19
2943 8
2944 8
2945 12
2946 12
2947 10
2948 9
2949 10
2950 11
2951 7
2952 11
2953 9
2954 16
2955 8
2956 8
2957 13
2958 11
2959 10
2960 17
2961 5
2962 8
2963 7
2964 13
2965 11
2966 9
2967 10
2968 8
2969 6
2970 10
2971 10
2972 8
2973 13
2974 13
2975 14
2976 12
2977 11
2978 7
2979 12
2980 13
2981 10
2982 5
2983 10
2984 11
2985 14
2986 9
2987 12
2988 9
2989 13
2990 11
2991 7
2992 13
2993 6
2994 10
2995 9
2996 14
2997 11
2998 7
2999 5
3000 11
3001 7
3002 11
3003 12
3004 12
3005 6
3006 13
3007 12
3008 8
3009 7
3010 7
3011 13
3012 8
3013 7
3014 9
3015 9
3016 10
3017 8
3018 10
3019 11
3020 9
3021 7
3022 11
3023 12
3024 7
3025 6
3026 5
3027 10
3028 10
3029 5
3030 7
3031 12
3032 8
3033 4
3034 5
3035 11
3036 9
3037 12
3038 7
3039 7
3040 6
3041 11
3042 10
3043 9
3044 15
3045 10
3046 6
3047 14
3048 10
3049 9
3050 10
3051 6
3052 10
3053 10
3054 10
3055 8
3056 9
3057 9
3058 14
3059 8
3060 10
3061 7
3062 13
3063 15
3064 17
3065 7
3066 9
3067 10
3068 14
3069 11
3070 12
3071 8
3072 8
3073 14
3074 10
3075 11
3076 15
3077 7
3078 5
3079 11
3080 8
3081 11
3082 11
3083 10
3084 9
3085 10
3086 19
3087 12
3088 5
3089 11
3090 8
3091 10
3092 6
3093 9
3094 12
3095 7
3096 15
3097 7
3098 6
3099 6
3100 6
3101 11
3102 12
3103 11
3104 7
3105 16
3106 15
3107 15
3108 8
3109 12
3110 13
3111 6
3112 5
3113 12
3114 15
3115 12
3116 9
3117 9
3118 11
3119 11
3120 12
3121 12
3122 10
3123 12
3124 5
3125 10
3126 7
3127 11
3128 12
3129 9
3130 12
3131 10
3132 11
3133 10
3134 9
3135 10
3136 12
3137 9
3138 10
3139 6
3140 8
3141 13
3142 16
3143 10
3144 10
3145 13
3146 9
3147 11
3148 14
3149 4
3150 6
3151 13
3152 9
3153 12
3154 10
3155 6
3156 5
3157 6
3158 12
3159 8
3160 6
3161 6
3162 9
3163 9
3164 11
3165 10
3166 6
3167 12
3168 9
3169 8
3170 14
3171 7
3172 11
3173 4
3174 16
3175 9
3176 9
3177 17
3178 8
3179 7
3180 9
3181 7
3182 15
3183 11
3184 7
3185 13
3186 9
3187 6
3188 8
3189 12
3190 15
3191 11
3192 10
3193 8
3194 6
3195 11
3196 11
3197 18
3198 8
3199 6
3200 12
3201 8
3202 13
3203 16
3204 11
3205 8
3206 8
3207 11
3208 14
3209 12
3210 9
3211 9
3212 11
3213 8
3214 13
3215 17
3216 7
3217 11
3218 12
3219 15
3220 18
3221 11
3222 6
3223 12
3224 9
3225 9
3226 7
3227 7
3228 11
3229 4
3230 9
3231 16
3232 11
3233 11
3234 15
3235 9
3236 8
3237 5
3238 6
3239 7
3240 5
3241 11
3242 8
3243 10
3244 13
3245 13
3246 11
3247 12
3248 5
3249 6
3250 9
3251 14
3252 14
3253 10
3254 9
3255 13
3256 11
3257 8
3258 9
3259 11
3260 7
3261 12
3262 11
3263 12
3264 13
3265 6
3266 9
3267 13
3268 7
3269 13
3270 9
3271 16
3272 9
3273 13
3274 7
3275 9
3276 8
3277 14
3278 7
3279 10
3280 17
3281 10
3282 7
3283 7
3284 10
3285 9
3286 10
3287 11
3288 8
3289 8
3290 8
3291 10
3292 8
3293 8
3294 12
3295 7
3296 10
3297 6
3298 10
3299 10
3300 11
3301 8
3302 8
3303 6
3304 6
3305 16
3306 14
3307 9
3308 11
3309 11
3310 10
3311 7
3312 8
3313 12
3314 11
3315 14
3316 8
3317 8
3318 8
3319 5
3320 9
3321 4
3322 13
3323 7
3324 11
3325 11
3326 11
3327 8
3328 10
3329 15
3330 11
3331 15
3332 10
3333 14
3334 8
3335 9
3336 7
3337 11
3338 13
3339 12
3340 16
3341 12
3342 7
3343 11
3344 6
3345 18
3346 6
3347 12
3348 12
3349 13
3350 13
3351 8
3352 8
3353 7
3354 9
3355 8
3356 8
3357 16
3358 8
3359 9
3360 9
3361 19
3362 13
3363 13
3364 8
3365 7
3366 6
3367 8
3368 9
3369 8
3370 11
3371 8
3372 9
3373 11
3374 11
3375 5
3376 12
3377 8
3378 9
3379 12
3380 10
3381 10
3382 9
3383 13
3384 10
3385 12
3386 8
3387 10
3388 5
3389 9
3390 14
3391 8
3392 9
3393 11
3394 8
3395 12
3396 14
3397 6
3398 13
3399 14
3400 7
3401 12
3402 10
3403 10
3404 6
3405 7
3406 12
3407 11
3408 17
3409 9
3410 17
3411 10
3412 5
3413 15
3414 3
3415 12
3416 11
3417 9
3418 8
3419 7
3420 8
3421 11
3422 11
3423 8
3424 5
3425 14
3426 10
3427 12
3428 16
3429 14
3430 11
3431 12
3432 14
3433 2
3434 9
3435 8
3436 5
3437 10
3438 9
3439 14
3440 17
3441 17
3442 9
3443 12
3444 9
3445 13
3446 10
3447 9
3448 7
3449 11
3450 7
3451 15
3452 9
3453 14
3454 10
3455 13
3456 12
3457 8
3458 13
3459 6
3460 8
3461 8
3462 8
3463 7
3464 11
3465 9
3466 12
3467 10
3468 9
3469 14
3470 15
3471 14
3472 8
3473 9
3474 5
3475 5
3476 9
3477 12
3478 9
3479 6
3480 10
3481 8
3482 9
3483 5
3484 7
3485 9
3486 7
3487 10
3488 6
3489 8
3490 14
3491 9
3492 9
3493 11
3494 10
3495 13
3496 9
3497 7
3498 8
3499 14
3500 4
3501 14
3502 12
3503 11
3504 15
3505 11
3506 8
3507 9
3508 10
3509 15
3510 10
3511 4
3512 13
3513 11
3514 10
3515 7
3516 16
3517 12
3518 16
3519 10
3520 8
3521 5
3522 12
3523 15
3524 9
3525 8
3526 14
3527 10
3528 9
3529 13
3530 17
3531 14
3532 6
3533 7
3534 12
3535 10
3536 6
3537 13
3538 10
3539 7
3540 9
3541 9
3542 8
3543 13
3544 13
3545 9
3546 10
3547 8
3548 9
3549 10
3550 12
3551 4
3552 14
3553 5
3554 14
3555 11
3556 8
3557 7
3558 11
3559 14
3560 9
3561 7
3562 16
3563 9
3564 10
3565 5
3566 9
3567 9
3568 11
3569 8
3570 9
3571 12
3572 13
3573 6
3574 11
3575 12
3576 9
3577 9
3578 10
3579 10
3580 11
3581 11
3582 13
3583 6
3584 7
3585 8
3586 11
3587 8
3588 11
3589 6
3590 11
3591 15
3592 7
3593 14
3594 8
3595 10
3596 9
3597 8
3598 6
3599 9
3600 13
3601 5
3602 9
3603 6
3604 8
3605 6
3606 8
3607 8
3608 9
3609 11
3610 11
3611 10
3612 13
3613 8
3614 9
3615 10
3616 6
3617 5
3618 10
3619 9
3620 12
3621 7
3622 11
3623 11
3624 7
3625 9
3626 3
3627 10
3628 10
3629 10
3630 8
3631 5
3632 7
3633 10
3634 7
3635 5
3636 15
3637 11
3638 10
3639 11
3640 12
3641 11
3642 7
3643 5
3644 9
3645 7
3646 8
3647 14
3648 11
3649 10
3650 10
3651 5
3652 8
3653 10
3654 11
3655 10
3656 12
3657 7
3658 10
3659 8
3660 10
3661 13
3662 13
3663 12
3664 13
3665 6
3666 10
3667 11
3668 5
3669 5
3670 4
3671 11
3672 9
3673 10
3674 12
3675 10
3676 11
3677 8
3678 8
3679 8
3680 6
3681 9
3682 8
3683 8
3684 9
3685 5
3686 8
3687 9
3688 16
3689 13
3690 12
3691 11
3692 14
3693 5
3694 13
3695 8
3696 12
3697 11
3698 3
3699 12
3700 9
3701 12
3702 11
3703 10
3704 9
3705 11
3706 9
3707 11
3708 6
3709 9
3710 8
3711 8
3712 4
3713 10
3714 7
3715 14
3716 6
3717 11
3718 11
3719 6
3720 8
3721 11
3722 7
3723 14
3724 5
3725 13
3726 10
3727 12
3728 13
3729 13
3730 13
3731 10
3732 7
3733 12
3734 10
3735 11
3736 9
3737 12
3738 11
3739 16
3740 10
3741 12
3742 7
3743 11
3744 8
3745 10
3746 13
3747 10
3748 7
3749 8
3750 12
3751 12
3752 10
3753 5
3754 4
3755 1
3756 7
3757 13
3758 15
3759 9
3760 11
3761 7
3762 7
3763 6
3764 13
3765 6
3766 9
3767 6
3768 7
3769 8
3770 10
3771 12
3772 6
3773 8
3774 12
3775 12
3776 13
3777 9
3778 6
3779 5
3780 15
3781 10
3782 6
3783 9
3784 12
3785 14
3786 7
3787 10
3788 10
3789 12
3790 13
3791 9
3792 11
3793 14
3794 5
3795 7
3796 6
3797 10
3798 14
3799 11
3800 12
3801 11
3802 2
3803 13
3804 4
3805 9
3806 7
3807 6
3808 12
3809 10
3810 5
3811 14
3812 10
3813 11
3814 10
3815 10
3816 8
3817 9
3818 11
3819 20
3820 14
3821 13
3822 8
3823 8
3824 7
3825 6
3826 14
3827 12
3828 7
3829 12
3830 10
3831 13
3832 5
3833 10
3834 14
3835 12
3836 6
3837 9
3838 14
3839 8
3840 10
3841 6
3842 6
3843 10
3844 8
3845 9
3846 14
3847 11
3848 9
3849 11
3850 12
3851 10
3852 15
3853 11
3854 7
3855 11
3856 12
3857 12
3858 6
3859 10
3860 6
3861 3
3862 12
3863 13
3864 13
3865 7
3866 8
3867 14
3868 11
3869 7
3870 12
3871 8
3872 4
3873 13
3874 7
3875 5
3876 8
3877 9
3878 9
3879 12
3880 9
3881 10
3882 6
3883 3
3884 8
3885 6
3886 10
3887 9
3888 11
3889 9
3890 17
3891 9
3892 10
3893 13
3894 10
3895 13
3896 9
3897 12
3898 14
3899 13
3900 13
3901 13
3902 11
3903 12
3904 6
3905 5
3906 11
3907 11
3908 5
3909 9
3910 6
3911 9
3912 14
3913 7
3914 6
3915 10
3916 9
3917 12
3918 6
3919 2
3920 11
3921 17
3922 8
3923 12
3924 11
3925 11
3926 11
3927 7
3928 11
3929 12
3930 8
3931 20
3932 11
3933 10
3934 10
3935 9
3936 13
3937 10
3938 5
3939 10
3940 10
3941 9
3942 9
3943 10
3944 10
3945 9
3946 9
3947 12
3948 9
3949 7
3950 12
3951 12
3952 13
3953 13
3954 10
3955 10
3956 10
3957 12
3958 9
3959 9
3960 7
3961 5
3962 10
3963 12
3964 7
3965 16
3966 10
3967 11
3968 10
3969 4
3970 11
3971 5
3972 11
3973 16
3974 6
3975 11
3976 10
3977 17
3978 15
3979 11
3980 15
3981 13
3982 13
3983 13
3984 9
3985 14
3986 16
3987 8
3988 12
3989 10
3990 10
3991 13
3992 7
3993 10
3994 9
3995 7
3996 10
3997 9
3998 7
3999 4
4000 16
4001 12
4002 7
4003 7
4004 6
4005 9
4006 15
4007 5
4008 4
4009 11
4010 7
4011 8
4012 14
4013 8
4014 8
4015 7
4016 11
4017 13
4018 5
4019 9
4020 11
4021 10
4022 9
4023 8
4024 9
4025 11
4026 7
4027 11
4028 6
4029 13
4030 8
4031 13
4032 7
4033 14
4034 11
4035 7
4036 11
4037 12
4038 8
4039 9
4040 12
4041 13
4042 11
4043 13
4044 14
4045 13
4046 13
4047 11
4048 7
4049 7
4050 5
4051 5
4052 12
4053 7
4054 10
4055 11
4056 9
4057 15
4058 9
4059 8
4060 14
4061 11
4062 13
4063 10
4064 5
4065 9
4066 9
4067 18
4068 8
4069 16
4070 9
4071 13
4072 16
4073 12
4074 8
4075 10
4076 14
4077 10
4078 12
4079 14
4080 9
4081 9
4082 8
4083 10
4084 5
4085 8
4086 7
4087 9
4088 15
4089 11
4090 9
4091 12
4092 11
4093 6
4094 12
4095 7
4096 7
4097 9
4098 13
4099 13
4100 11
4101 7
4102 5
4103 5
4104 6
4105 12
4106 11
4107 11
4108 12
4109 8
4110 10
4111 13
4112 8
4113 15
4114 10
4115 3
4116 13
4117 12
4118 12
4119 11
4120 10
4121 19
4122 9
4123 13
4124 11
4125 11
4126 14
4127 15
4128 16
4129 10
4130 10
4131 7
4132 6
4133 14
4134 12
4135 9
4136 13
4137 16
4138 11
4139 7
4140 12
4141 2
4142 6
4143 9
4144 8
4145 11
4146 10
4147 7
4148 13
4149 11
4150 4
4151 14
4152 17
4153 9
4154 8
4155 15
4156 9
4157 7
4158 12
4159 13
4160 9
4161 7
4162 10
4163 11
4164 12
4165 10
4166 11
4167 11
4168 9
4169 8
4170 11
4171 14
4172 11
4173 11
4174 9
4175 5
4176 9
4177 6
4178 15
4179 8
4180 5
4181 7
4182 8
4183 12
4184 11
4185 11
4186 13
4187 8
4188 15
4189 11
4190 16
4191 7
4192 10
4193 8
4194 7
4195 7
4196 10
4197 19
4198 14
4199 11
4200 14
4201 7
4202 6
4203 8
4204 9
4205 7
4206 8
4207 10
4208 15
4209 8
4210 11
4211 13
4212 6
4213 6
4214 8
4215 11
4216 6
4217 11
4218 11
4219 11
4220 6
4221 8
4222 9
4223 11
4224 9
4225 7
4226 9
4227 10
4228 7
4229 14
4230 9
4231 7
4232 8
4233 13
4234 13
4235 7
4236 9
4237 9
4238 15
4239 11
4240 14
4241 6
4242 8
4243 8
4244 7
4245 14
4246 14
4247 10
4248 6
4249 11
4250 13
4251 15
4252 8
4253 13
4254 12
4255 14
4256 11
4257 10
4258 12
4259 16
4260 7
4261 6
4262 13
4263 10
4264 9
4265 8
4266 13
4267 10
4268 8
4269 4
4270 9
4271 9
4272 11
4273 6
4274 10
4275 9
4276 12
4277 5
4278 10
4279 9
4280 16
4281 10
4282 9
4283 7
4284 12
4285 5
4286 10
4287 7
4288 7
4289 10
4290 15
4291 6
4292 8
4293 12
4294 14
4295 3
4296 8
4297 4
4298 12
4299 9
4300 5
4301 8
4302 5
4303 10
4304 12
4305 15
4306 5
4307 12
4308 5
4309 9
4310 6
4311 6
4312 13
4313 13
4314 9
4315 4
4316 23
4317 13
4318 15
4319 12
4320 6
4321 12
4322 9
4323 7
4324 6
4325 7
4326 8
4327 15
4328 15
4329 11
4330 12
4331 9
4332 9
4333 10
4334 9
4335 9
4336 10
4337 10
4338 3
4339 16
4340 11
4341 13
4342 8
4343 13
4344 6
4345 7
4346 12
4347 7
4348 10
4349 21
4350 13
4351 7
4352 11
4353 5
4354 12
4355 10
4356 10
4357 13
4358 11
4359 10
4360 8
4361 10
4362 7
4363 11
4364 9
4365 9
4366 10
4367 10
4368 7
4369 9
4370 13
4371 16
4372 9
4373 11
4374 13
4375 12
4376 12
4377 10
4378 9
4379 4
4380 9
4381 12
4382 10
4383 11
4384 9
4385 6
4386 10
4387 8
4388 11
4389 6
4390 13
4391 12
4392 6
4393 14
4394 9
4395 5
4396 14
4397 13
4398 13
4399 11
4400 12
4401 15
4402 7
4403 7
4404 9
4405 9
4406 5
4407 9
4408 11
4409 7
4410 11
4411 7
4412 4
4413 14
4414 11
4415 10
4416 16
4417 11
4418 10
4419 8
4420 20
4421 14
4422 9
4423 7
4424 10
4425 14
4426 7
4427 8
4428 12
4429 9
4430 8
4431 8
4432 8
4433 11
4434 8
4435 9
4436 10
4437 10
4438 12
4439 12
4440 9
4441 12
4442 7
4443 8
4444 13
4445 11
4446 7
4447 15
4448 11
4449 4
4450 12
4451 8
4452 12
4453 13
4454 13
4455 12
4456 11
4457 15
4458 10
4459 16
4460 9
4461 12
4462 15
4463 15
4464 7
4465 11
4466 12
4467 13
4468 8
4469 12
4470 16
4471 7
4472 7
4473 8
4474 5
4475 13
4476 3
4477 8
4478 4
4479 9
4480 11
4481 8
4482 15
4483 13
4484 8
4485 14
4486 8
4487 15
4488 12
4489 11
4490 10
4491 7
4492 12
4493 18
4494 5
4495 8
4496 14
4497 8
4498 8
4499 11
4500 13
4501 10
4502 5
4503 7
4504 7
4505 14
4506 7
4507 11
4508 8
4509 9
4510 8
4511 10
4512 14
4513 11
4514 12
4515 11
4516 8
4517 3
4518 11
4519 8
4520 13
4521 14
4522 6
4523 14
4524 13
4525 7
4526 5
4527 11
4528 8
4529 11
4530 10
4531 11
4532 7
4533 19
4534 10
4535 9
4536 15
4537 9
4538 6
4539 21
4540 9
4541 6
4542 15
4543 7
4544 7
4545 15
4546 8
4547 14
4548 8
4549 6
4550 10
4551 10
4552 14
4553 12
4554 10
4555 6
4556 15
4557 10
4558 15
4559 5
4560 9
4561 14
4562 11
4563 9
4564 9
4565 6
4566 12
4567 6
4568 8
4569 8
4570 14
4571 13
4572 10
4573 16
4574 18
4575 12
4576 10
4577 12
4578 11
4579 7
4580 6
4581 11
4582 11
4583 14
4584 15
4585 11
4586 14
4587 7
4588 13
4589 8
4590 6
4591 5
4592 7
4593 8
4594 12
4595 7
4596 10
4597 12
4598 5
4599 14
4600 13
4601 15
4602 10
4603 11
4604 9
4605 10
4606 15
4607 8
4608 5
4609 16
4610 9
4611 14
4612 17
4613 11
4614 5
4615 10
4616 14
4617 13
4618 10
4619 10
4620 8
4621 16
4622 14
4623 4
4624 8
4625 5
4626 11
4627 7
4628 10
4629 9
4630 12
4631 11
4632 14
4633 12
4634 11
4635 13
4636 15
4637 6
4638 16
4639 14
4640 6
4641 6
4642 7
4643 11
4644 12
4645 10
4646 16
4647 8
4648 6
4649 7
4650 15
4651 9
4652 11
4653 4
4654 7
4655 6
4656 5
4657 11
4658 5
4659 5
4660 9
4661 12
4662 13
4663 13
4664 12
4665 12
4666 6
4667 15
4668 14
4669 7
4670 7
4671 18
4672 12
4673 7
4674 9
4675 7
4676 9
4677 5
4678 10
4679 10
4680 11
4681 9
4682 8
4683 12
4684 9
4685 8
4686 9
4687 15
4688 8
4689 7
4690 14
4691 11
4692 9
4693 4
4694 8
4695 6
4696 9
4697 9
4698 6
4699 9
4700 9
4701 7
4702 12
4703 9
4704 7
4705 7
4706 16
4707 10
4708 14
4709 11
4710 5
4711 10
4712 11
4713 11
4714 10
4715 12
4716 10
4717 9
4718 8
4719 17
4720 10
4721 8
4722 10
4723 5
4724 9
4725 10
4726 5
4727 16
4728 11
4729 13
4730 12
4731 3
4732 9
4733 13
4734 13
4735 11
4736 5
4737 9
4738 7
4739 11
4740 11
4741 7
4742 18
4743 14
4744 16
4745 8
4746 8
4747 10
4748 8
4749 11
4750 11
4751 10
4752 8
4753 17
4754 6
4755 9
4756 13
4757 7
4758 16
4759 5
4760 16
4761 10
4762 13
4763 11
4764 8
4765 3
4766 8
4767 8
4768 11
4769 12
4770 5
4771 6
4772 6
4773 5
4774 10
4775 11
4776 8
4777 5
4778 7
4779 15
4780 5
4781 15
4782 9
4783 11
4784 15
4785 6
4786 7
4787 13
4788 14
4789 10
4790 5
4791 9
4792 13
4793 11
4794 6
4795 10
4796 15
4797 10
4798 11
4799 8
4800 12
4801 11
4802 8
4803 10
4804 7
4805 13
4806 14
4807 12
4808 12
4809 13
4810 11
4811 11
4812 10
4813 6
4814 12
4815 8
4816 11
4817 10
4818 6
4819 3
4820 12
4821 10
4822 8
4823 7
4824 10
4825 14
4826 12
4827 6
4828 10
4829 9
4830 15
4831 11
4832 11
4833 12
4834 7
4835 7
4836 10
4837 14
4838 9
4839 12
4840 17
4841 16
4842 7
4843 8
4844 9
4845 6
4846 6
4847 10
4848 9
4849 14
4851 11
4852 6
4853 10
4854 12
4855 6
4856 7
4857 10
4858 11
4859 9
4860 15
4861 9
4862 12
4863 9
4864 11
4865 6
4866 9
4867 8
4868 5
4869 11
4870 12
4871 11
4872 15
4873 9
4874 6
4875 12
4876 8
4877 14
4878 10
4879 9
4880 15
4881 5
4882 10
4883 12
4884 9
4885 13
4886 11
4887 14
4888 17
4889 10
4890 10
4891 4
4892 6
4893 11
4894 8
4895 8
4896 9
4897 6
4898 13
4899 9
4900 9
4901 11
4902 9
4903 16
4904 9
4905 15
4906 13
4907 11
4908 7
4909 12
4910 10
4911 5
4912 8
4913 11
4914 8
4915 10
4916 9
4917 13
4918 6
4919 11
4920 11
4921 9
4922 14
4923 8
4924 8
4925 7
4926 6
4927 12
4928 6
4929 9
4930 8
4931 11
4932 9
4933 10
4934 7
4935 9
4936 5
4937 8
4938 7
4939 18
4940 10
4941 5
4942 19
4943 11
4944 7
4945 7
4946 8
4947 15
4948 10
4949 8
4950 11
4951 22
4952 14
4953 12
4954 9
4955 12
4956 12
4957 6
4958 11
4959 15
4960 6
4961 9
4962 10
4963 11
4964 10
4965 5
4966 8
4967 8
4968 6
4969 7
4970 10
4971 12
4972 11
4973 9
4974 8
4975 11
4976 17
4977 8
4978 15
4979 10
4980 13
4981 7
4982 7
4983 6
4984 13
4985 15
4986 11
4987 7
4988 6
4989 9
4990 8
4991 7
4992 13
4993 4
4994 4
4995 9
4996 9
4997 12
4998 14
4999 8
5000 18
5001 11
5002 9
5003 12
5004 11
5005 17
5006 11
5007 11
5008 13
5009 11
5010 10
5011 9
5012 10
5013 7
5014 15
5015 8
5016 12
5017 6
5018 13
5019 14
5020 11
5021 7
5022 11
5023 14
5024 18
5025 9
5026 12
5027 8
5028 10
5029 9
5030 9
5031 8
5032 5
5033 9
5034 12
5035 10
5036 11
5037 14
5038 14
5039 10
5040 16
5041 6
5042 7
5043 6
5044 8
5045 10
5046 14
5047 14
5048 13
5049 9
5050 9
5051 10
5052 10
5053 16
5054 14
5055 9
5056 8
5057 12
5058 9
5059 8
5060 9
5061 14
5062 8
5063 8
5064 8
5065 9
5066 19
5067 8
5068 8
5069 11
5070 14
5071 7
5072 15
5073 7
5074 9
5075 17
5076 8
5077 6
5078 10
5079 13
5080 12
5081 15
5082 14
5083 6
5084 7
5085 12
5086 6
5087 8
5088 20
5089 12
5090 12
5091 4
5092 14
5093 8
5094 4
5095 7
5096 12
5097 16
5098 12
5099 13
5100 14
5101 10
5102 10
5103 5
5104 15
5105 12
5106 8
5107 10
5108 11
5109 12
5110 4
5111 13
5112 13
5113 10
5114 12
5115 6
5116 4
5117 6
5118 12
5119 9
5120 4
5121 8
5122 12
5123 7
5124 17
5125 15
5126 9
5127 11
5128 12
5129 12
5130 13
5131 9
5132 9
5133 10
5134 9
5135 12
5136 8
5137 16
5138 9
5139 9
5140 8
5141 12
5142 9
5143 9
5144 15
5145 11
5146 10
5147 5
5148 12
5149 5
5150 11
5151 14
5152 12
5153 4
5154 14
5155 10
5156 8
5157 10
5158 11
5159 9
5160 10
5161 6
5162 7
5163 12
5164 6
5165 11
5166 6
5167 15
5168 9
5169 7
5170 14
5171 10
5172 12
5173 7
5174 11
5175 6
5176 7
5177 12
5178 7
5179 12
5180 14
5181 12
5182 15
5183 16
5184 7
5185 12
5186 6
5187 8
5188 10
5189 6
5190 11
5191 10
5192 6
5193 10
5194 13
5195 9
5196 5
5197 11
5198 10
5199 16
5200 13
5201 17
5202 4
5203 9
5204 6
5205 12
5206 14
5207 5
5208 8
5209 5
5210 4
5211 13
5212 8
5213 9
5214 11
5215 8
5216 14
5217 12
5218 5
5219 14
5220 9
5221 11
5222 9
5223 10
5224 13
5225 11
5226 8
5227 11
5228 13
5229 8
5230 14
5231 13
5232 12
5233 12
5234 9
5235 10
5236 7
5237 7
5238 7
5239 5
5240 11
5241 15
5242 8
5243 5
5244 8
5245 12
5246 13
5247 7
5248 11
5249 11
5250 13
5251 5
5252 13
5253 6
5254 7
5255 13
5256 11
5257 8
5258 7
5259 10
5260 9
5261 8
5262 8
5263 6
5264 9
5265 13
5266 8
5267 15
5268 11
5269 14
5270 14
5271 16
5272 16
5273 9
5274 13
5275 11
5276 16
5277 9
5278 8
5279 8
5280 9
5281 5
5282 12
5283 2
5284 10
5285 5
5286 15
5287 19
5288 14
5289 9
5290 11
5291 7
5292 11
5293 16
5294 13
5295 8
5296 15
5297 11
5298 13
5299 5
5300 11
5301 10
5302 3
5303 11
5304 15
5305 9
5306 7
5307 10
5308 8
5309 13
5310 11
5311 9
5312 10
5313 11
5314 8
5315 11
5316 11
5317 14
5318 14
5319 12
5320 9
5321 7
5322 13
5323 15
5324 9
5325 15
5326 9
5327 12
5328 6
5329 5
5330 15
5331 6
5332 14
5333 4
5334 12
5335 9
5336 8
5337 9
5338 6
5339 6
5340 6
5341 8
5342 13
5343 9
5344 7
5345 10
5346 12
5347 7
5348 17
5349 8
5350 11
5351 8
5352 8
5353 4
5354 15
5355 9
5356 10
5357 7
5358 14
5359 12
5360 11
5361 9
5362 7
5363 15
5364 17
5365 10
5366 13
5367 13
5368 5
5369 11
5370 11
5371 15
5372 7
5373 7
5374 12
5375 9
5376 11
5377 10
5378 26
5379 13
5380 15
5381 10
5382 10
5383 5
5384 12
5385 6
5386 12
5387 13
5388 15
5389 14
5390 7
5391 12
5392 4
5393 3
5394 9
5395 11
5396 12
5397 12
5398 6
5399 10
5400 8
5401 8
5402 9
5403 14
5404 6
5405 11
5406 8
5407 15
5408 9
5409 10
5410 9
5411 12
5412 6
5413 8
5414 3
5415 10
5416 12
5417 13
5418 9
5419 9
5420 8
5421 11
5422 11
5423 11
5424 11
5425 9
5426 7
5427 14
5428 8
5429 7
5430 11
5431 5
5432 15
5433 10
5434 10
5435 12
5436 8
5437 14
5438 14
5439 9
5440 10
5441 12
5442 9
5443 11
5444 7
5445 9
5446 8
5447 12
5448 10
5449 9
5450 10
5451 10
5452 18
5453 7
5454 14
5455 5
5456 7
5457 12
5458 11
5459 12
5460 13
5461 12
5462 11
5463 12
5464 11
5465 11
5466 12
5467 13
5468 4
5469 5
5470 24
5471 15
5472 13
5473 7
5474 7
5475 7
5476 8
5477 11
5478 11
5479 11
5480 4
5481 12
5482 10
5483 13
5484 5
5485 7
5486 10
5487 12
5488 7
5489 15
5490 9
5491 18
5492 13
5493 12
5494 7
5495 7
5496 16
5497 8
5498 13
5499 12
5500 13
5501 10
5502 10
5503 7
5504 16
5505 12
5506 8
5507 11
5508 9
5509 8
5510 13
5511 10
5512 10
5513 6
5514 8
5515 5
5516 5
5517 13
5518 7
5519 11
5520 5
5521 10
5522 10
5523 11
5524 8
5525 6
5526 7
5527 13
5528 15
5529 10
5530 14
5531 12
5532 11
5533 8
5534 10
5535 13
5536 15
5537 14
5538 8
5539 6
5540 7
5541 9
5542 6
5543 11
5544 8
5545 9
5546 10
5547 8
5548 7
5549 7
5550 9
5551 14
5552 13
5553 9
5554 11
5555 11
5556 15
5557 10
5558 11
5559 10
5560 9
5561 8
5562 9
5563 11
5564 11
5565 15
5566 7
5567 4
5568 8
5569 9
5570 7
5571 6
5572 8
5573 8
5574 19
5575 11
5576 5
5577 9
5578 12
5579 9
5580 13
5581 13
5582 13
5583 6
5584 10
5585 12
5586 16
5587 20
5588 9
5589 7
5590 5
5591 12
5592 5
5593 7
5594 13
5595 13
5596 13
5597 5
5598 9
5599 7
5600 8
5601 6
5602 8
5603 15
5604 8
5605 10
5606 8
5607 10
5608 18
5609 13
5610 9
5611 16
5612 12
5613 11
5614 17
5615 8
5616 12
5617 9
5618 11
5619 15
5620 12
5621 13
5622 8
5623 12
5624 16
5625 11
5626 12
5627 10
5628 10
5629 10
5630 9
5631 15
5632 14
5633 7
5634 4
5635 11
5636 11
5637 8
5638 14
5639 7
5640 10
5641 13
5642 12
5643 13
5644 7
5645 6
5646 9
5647 7
5648 9
5649 11
5650 15
5651 5
5652 9
5653 15
5654 8
5655 12
5656 12
5657 12
5658 12
5659 15
5660 9
5661 17
5662 9
5663 10
5664 9
5665 9
5666 6
5667 13
5668 13
5669 7
5670 7
5671 8
5672 9
5673 10
5674 18
5675 9
5676 10
5677 10
5678 7
5679 11
5680 15
5681 8
5682 10
5683 5
5684 11
5685 9
5686 16
5687 14
5688 13
5689 13
5690 14
5691 6
5692 5
5693 12
5694 10
5695 9
5696 8
5697 5
5698 10
5699 9
5700 6
5701 8
5702 8
5703 8
5704 6
5705 12
5706 9
5707 8
5708 11
5709 16
5710 8
5711 7
5712 11
5713 12
5714 18
5715 11
5716 8
5717 12
5718 10
5719 9
5720 10
5721 10
5722 11
5723 6
5724 8
5725 9
5726 11
5727 11
5728 8
5729 5
5730 11
5731 7
5732 11
5733 11
5734 14
5735 9
5736 8
5737 9
5738 12
5739 15
5740 7
5741 14
5742 19
5743 10
5744 12
5745 12
5746 7
5747 9
5748 7
5749 9
5750 7
5751 7
5752 8
5753 12
5754 13
5755 18
5756 10
5757 8
5758 7
5759 13
5760 9
5761 2
5762 9
5763 6
5764 5
5765 11
5766 4
5767 4
5768 12
5769 12
5770 12
5771 14
5772 11
5773 13
5774 15
5775 8
5776 11
5777 5
5778 13
5779 11
5780 11
5781 15
5782 17
5783 11
5784 8
5785 13
5786 6
5787 14
5788 10
5789 14
5790 9
5791 11
5792 15
5793 10
5794 10
5795 14
5796 13
5797 12
5798 7
5799 14
5800 13
5801 7
5802 8
5803 10
5804 6
5805 15
5806 11
5807 9
5808 12
5809 11
5810 8
5811 4
5812 7
5813 15
5814 13
5815 14
5816 10
5817 9
5818 9
5819 9
5820 13
5821 12
5822 13
5823 9
5824 13
5825 7
5826 11
5827 10
5828 8
5829 14
5830 4
5831 10
5832 10
5833 12
5834 11
5835 9
5836 6
5837 10
5838 9
5839 4
5840 10
5841 6
5842 9
5843 7
5844 11
5845 9
5846 15
5847 12
5848 3
5849 10
5850 11
5851 10
5852 7
5853 12
5854 8
5855 6
5856 9
5857 13
5858 8
5859 11
5860 8
5861 12
5862 7
5863 9
5864 11
5865 11
5866 7
5867 10
5868 13
5869 9
5870 7
5871 9
5872 13
5873 16
5874 16
5875 8
5876 7
5877 12
5878 14
5879 9
5880 13
5881 14
5882 14
5883 10
5884 8
5885 9
5886 9
5887 8
5888 9
5889 8
5890 7
5891 13
5892 7
5893 15
5894 16
5895 9
5896 9
5897 9
5898 12
5899 8
5900 12
5901 8
5902 7
5903 10
5904 10
5905 12
5906 8
5907 10
5908 9
5909 9
5910 7
5911 9
5912 6
5913 5
5914 7
5915 6
5916 6
5917 12
5918 13
5919 5
5920 8
5921 11
5922 13
5923 4
5924 10
5925 10
5926 9
5927 11
5928 16
5929 9
5930 6
5931 8
5932 13
5933 13
5934 14
5935 7
5936 11
5937 8
5938 9
5939 9
5940 8
5941 4
5942 7
5943 6
5944 11
5945 9
5946 10
5947 4
5948 9
5949 13
5950 9
5951 7
5952 16
5953 11
5954 10
5955 7
5956 4
5957 10
5958 10
5959 6
5960 7
5961 8
5962 5
5963 13
5964 7
5965 8
5966 9
5967 8
5968 8
5969 10
5970 11
5971 4
5972 7
5973 11
5974 9
5975 9
5976 5
5977 11
5978 8
5979 10
5980 10
5981 10
5982 12
5983 11
5984 12
5985 8
5986 5
5987 8
5988 5
5989 11
5990 11
5991 10
5992 12
5993 8
5994 7
5995 5
5996 11
5997 9
5998 15
5999 8
6000 10
6001 11
6002 8
6003 11
6004 13
6005 8
6006 7
6007 13
6008 13
6009 5
6010 14
6011 8
6012 11
6013 13
6014 8
6015 9
6016 10
6017 9
6018 9
6019 12
6020 9
6021 7
6022 7
6023 7
6024 16
6025 12
6026 9
6027 9
6028 16
6029 11
6030 13
6031 8
6032 8
6033 6
6034 6
6035 7
6036 10
6037 21
6038 9
6039 9
6040 9
6041 9
6042 12
6043 10
6044 7
6045 6
6046 11
6047 10
6048 9
6049 12
6050 9
6051 8
6052 14
6053 6
6054 16
6055 7
6056 10
6057 15
6058 13
6059 10
6060 7
6061 17
6062 14
6063 9
6064 3
6065 13
6066 7
6067 7
6068 12
6069 11
6070 8
6071 12
6072 11
6073 10
6074 12
6075 13
6076 6
6077 7
6078 10
6079 11
6080 7
6081 7
6082 8
6083 6
6084 5
6085 9
6086 8
6087 10
6088 11
6089 6
6090 15
6091 9
6092 12
6093 17
6094 7
6095 9
6096 20
6097 9
6098 4
6099 7
6100 6
6101 12
6102 6
6103 12
6104 10
6105 12
6106 14
6107 9
6108 7
6109 9
6110 10
6111 7
6112 11
6113 11
6114 5
6115 5
6116 11
6117 7
6118 8
6119 12
6120 12
6121 14
6122 14
6123 10
6124 8
6125 9
6126 8
6127 15
6128 2
6129 14
6130 6
6131 11
6132 8
6133 12
6134 6
6135 15
6136 10
6137 7
6138 2
6139 11
6140 9
6141 9
6142 13
6143 5
6144 2
6145 10
6146 10
6147 7
6148 6
6149 9
6150 9
6151 7
6152 4
6153 7
6154 7
6155 18
6156 6
6157 7
6158 10
6159 6
6160 5
6161 20
6162 10
6163 4
6164 11
6165 12
6166 8
6167 15
6168 11
6169 18
6170 12
6171 16
6172 10
6173 7
6174 11
6175 11
6176 10
6177 4
6178 10
6179 10
6180 10
6181 12
6182 14
6183 5
6184 12
6185 12
6186 8
6187 7
6188 7
6189 11
6190 9
6191 9
6192 11
6193 11
6194 9
6195 6
6196 11
6197 12
6198 9
6199 12
6200 9
6201 8
6202 4
6203 10
6204 11
6205 12
6206 10
6207 5
6208 9
6209 6
6210 12
6211 10
6212 11
6213 7
6214 11
6215 11
6216 10
6217 12
6218 10
6219 8
6220 12
6221 9
6222 11
6223 10
6224 16
6225 13
6226 18
6227 9
6228 5
6229 10
6230 10
6231 8
6232 7
6233 7
6234 16
6235 5
6236 12
6237 9
6238 8
6239 7
6240 6
6241 12
6242 12
6243 7
6244 12
6245 9
6246 9
6247 14
6248 16
6249 4
6250 12
6251 13
6252 9
6253 9
6254 6
6255 12
6256 9
6257 7
6258 10
6259 15
6260 10
6261 9
6262 6
6263 9
6264 17
6265 8
6266 15
6267 6
6268 8
6269 10
6270 8
6271 8
6272 4
6273 10
6274 10
6275 5
6276 18
6277 12
6278 10
6279 9
6280 13
6281 12
6282 11
6283 11
6284 8
6285 12
6286 7
6287 10
6288 8
6289 13
6290 11
6291 9
6292 9
6293 10
6294 10
6295 10
6296 9
6297 7
6298 6
6299 9
6300 7
6301 11
6302 9
6303 8
6304 10
6305 6
6306 5
6307 9
6308 8
6309 9
6310 7
6311 10
6312 8
6313 9
6314 10
6315 9
6316 14
6317 12
6318 6
6319 8
6320 9
6321 14
6322 13
6323 13
6324 15
6325 12
6326 12
6327 8
6328 11
6329 4
6330 13
6331 7
6332 14
6333 12
6334 5
6335 8
6336 13
6337 11
6338 7
6339 17
6340 8
6341 15
6342 8
6343 10
6344 6
6345 15
6346 7
6347 11
6348 6
6349 9
6350 6
6351 12
6352 9
6353 9
6354 10
6355 11
6356 8
6357 14
6358 9
6359 7
6360 14
6361 8
6362 11
6363 13
6364 8
6365 9
6366 8
6367 10
6368 12
6369 7
6370 8
6371 9
6372 15
6373 6
6374 15
6375 9
6376 12
6377 6
6378 7
6379 8
6380 13
6381 14
6382 11
6383 10
6384 8
6385 6
6386 8
6387 11
6388 5
6389 11
6390 14
6391 10
6392 12
6393 8
6394 9
6395 9
6396 7
6397 16
6398 16
6399 9
6400 9
6401 6
6402 2
6403 12
6404 13
6405 14
6406 5
6407 6
6408 8
6409 11
6410 9
6411 12
6412 10
6413 13
6414 9
6415 14
6416 11
6417 12
6418 9
6419 13
6420 12
6421 12
6422 7
6423 7
6424 13
6425 12
6426 9
6427 12
6428 11
6429 12
6430 7
6431 9
6432 9
6433 13
6434 9
6435 2
6436 15
6437 6
6438 11
6439 13
6440 14
6441 13
6442 14
6443 4
6444 10
6445 11
6446 6
6447 7
6448 15
6449 14
6450 12
6451 13
6452 4
6453 14
6454 8
6455 7
6456 11
6457 9
6458 8
6459 6
6460 13
6461 5
6462 10
6463 9
6464 9
6465 13
6466 11
6467 11
6468 5
6469 10
6470 10
6471 11
6472 7
6473 9
6474 9
6475 8
6476 11
6477 4
6478 17
6479 11
6480 7
6481 8
6482 10
6483 11
6484 15
6485 12
6486 10
6487 13
6488 13
6489 11
6490 8
6491 14
6492 10
6493 12
6494 10
6495 8
6496 6
6497 13
6498 7
6499 8
6500 11
6501 11
6502 10
6503 13
6504 6
6505 10
6506 12
6507 10
6508 16
6509 10
6510 12
6511 2
6512 8
6513 14
6514 8
6515 12
6516 9
6517 9
6518 12
6519 11
6520 11
6521 10
6522 12
6523 11
6524 11
6525 11
6526 5
6527 9
6528 13
6529 7
6530 11
6531 12
6532 12
6533 9
6534 10
6535 7
6536 9
6537 13
6538 11
6539 9
6540 10
6541 9
6542 9
6543 13
6544 9
6545 17
6546 12
6547 8
6548 11
6549 6
6550 10
6551 11
6552 15
6553 19
6554 8
6555 16
6556 9
6557 13
6558 15
6559 10
6560 11
6561 12
6562 5
6563 10
6564 11
6565 13
6566 10
6567 15
6568 10
6569 6
6570 17
6571 12
6572 12
6573 9
6574 12
6575 5
6576 10
6577 10
6578 12
6579 8
6580 5
6581 11
6582 7
6583 8
6584 9
6585 13
6586 8
6587 9
6588 4
6589 10
6590 7
6591 7
6592 9
6593 12
6594 12
6595 12
6596 10
6597 11
6598 11
6599 11
6600 13
6601 12
6602 13
6603 13
6604 4
6605 13
6606 9
6607 13
6608 9
6609 8
6610 10
6611 12
6612 6
6613 8
6614 11
6615 7
6616 17
6617 12
6618 9
6619 14
6620 10
6621 7
6622 8
6623 6
6624 8
6625 7
6626 8
6627 12
6628 14
6629 11
6630 4
6631 14
6632 18
6633 11
6634 10
6635 6
6636 9
6637 9
6638 17
6639 7
6640 5
6641 19
6642 9
6643 7
6644 13
6645 6
6646 9
6647 11
6648 16
6649 6
6650 9
6651 11
6652 13
6653 8
6654 13
6655 13
6656 10
6657 3
6658 12
6659 11
6660 6
6661 9
6662 8
6663 6
6664 8
6665 9
6666 10
6667 7
6668 10
6669 11
6670 10
6671 13
6672 13
6673 5
6674 10
6675 9
6676 8
6677 13
6678 7
6679 13
6680 7
6681 13
6682 18
6683 14
6684 7
6685 13
6686 8
6687 7
6688 11
6689 7
6690 7
6691 5
6692 8
6693 6
6694 12
6695 9
6696 11
6697 9
6698 11
6699 5
6700 16
6701 6
6702 6
6703 7
6704 15
6705 12
6706 12
6707 18
6708 4
6709 7
6710 7
6711 10
6712 12
6713 12
6714 8
6715 10
6716 9
6717 14
6718 10
6719 10
6720 10
6721 5
6722 10
6723 8
6724 7
6725 11
6726 5
6727 12
6728 9
6729 14
6730 9
6731 12
6732 11
6733 14
6734 15
6735 8
6736 17
6737 9
6738 9
6739 13
6740 7
6741 12
6742 14
6743 11
6744 7
6745 11
6746 11
6747 10
6748 12
6749 8
6750 9
6751 8
6752 15
6753 9
6754 8
6755 11
6756 10
6757 9
6758 7
6759 2
6760 10
6761 10
6762 7
6763 16
6764 14
6765 4
6766 6
6767 10
6768 11
6769 8
6770 6
6771 8
6772 7
6773 11
6774 10
6775 9
6776 10
6777 12
6778 8
6779 12
6780 12
6781 14
6782 15
6783 15
6784 11
6785 4
6786 11
6787 11
6788 5
6789 12
6790 16
6791 8
6792 11
6793 13
6794 11
6795 11
6796 14
6797 10
6798 9
6799 16
6800 10
6801 9
6802 9
6803 7
6804 15
6805 7
6806 11
6807 9
6808 8
6809 12
6810 14
6811 14
6812 15
6813 9
6814 14
6815 13
6816 9
6817 15
6818 7
6819 14
6820 11
6821 14
6822 18
6823 11
6824 11
6825 10
6826 8
6827 11
6828 10
6829 7
6830 12
6831 13
6832 8
6833 4
6834 6
6835 8
6836 10
6837 7
6838 17
6839 4
6840 12
6841 11
6842 14
6843 7
6844 12
6845 4
6846 8
6847 10
6848 15
6849 5
6850 6
6851 5
6852 4
6853 8
6854 10
6855 5
6856 10
6857 8
6858 14
6859 9
6860 12
6861 12
6862 5
6863 7
6864 13
6865 9
6866 14
6867 9
6868 8
6869 9
6870 6
6871 5
6872 6
6873 10
6874 11
6875 9
6876 9
6877 9
6878 8
6879 11
6880 12
6881 9
6882 22
6883 5
6884 9
6885 11
6886 10
6887 18
6888 7
6889 9
6890 7
6891 8
6892 17
6893 7
6894 10
6895 3
6896 13
6897 12
6898 11
6899 10
6900 4
6901 16
6902 9
6903 12
6904 11
6905 13
6906 12
6907 14
6908 8
6909 9
6910 11
6911 9
6912 9
6913 7
6914 7
6915 7
6916 6
6917 12
6918 10
6919 10
6920 14
6921 5
6922 11
6923 9
6924 9
6925 11
6926 12
6927 9
6928 9
6929 10
6930 9
6931 10
6932 11
6933 15
6934 7
6935 15
6936 8
6937 10
6938 9
6939 10
6940 7
6941 4
6942 12
6943 8
6944 17
6945 10
6946 10
6947 17
6948 13
6949 10
6950 11
6951 13
6952 10
6953 10
6954 11
6955 12
6956 5
6957 5
6958 11
6959 5
6960 9
6961 14
6962 10
6963 8
6964 13
6965 13
6966 8
6967 9
6968 13
6969 15
6970 4
6971 10
6972 9
6973 10
6974 10
6975 13
6976 14
6977 9
6978 11
6979 9
6980 12
6981 6
6982 8
6983 13
6984 9
6985 15
6986 6
6987 14
6988 4
6989 7
6990 10
6991 14
6992 7
6993 12
6994 11
6995 5
6996 11
6997 15
6998 10
6999 7
7000 9
7001 6
7002 11
7003 13
7004 8
7005 7
7006 20
7007 11
7008 4
7009 7
7010 11
7011 14
7012 17
7013 7
7014 9
7015 10
7016 13
7017 11
7018 11
7019 15
7020 12
7021 12
7022 10
7023 11
7024 10
7025 7
7026 11
7027 8
7028 7
7029 12
7030 14
7031 13
7032 9
7033 7
7034 6
7035 17
7036 6
7037 11
7038 15
7039 9
7040 11
7041 11
7042 9
7043 11
7044 14
7045 12
7046 9
7047 10
7048 13
7049 12
7050 11
7051 10
7052 17
7053 6
7054 9
7055 6
7056 11
7057 6
7058 9
7059 10
7060 11
7061 9
7062 10
7063 9
7064 13
7065 10
7066 10
7067 14
7068 13
7069 11
7070 12
7071 10
7072 13
7073 17
7074 11
7075 6
7076 11
7077 14
7078 7
7079 2
7080 5
7081 9
7082 12
7083 7
7084 5
7085 12
7086 8
7087 8
7088 7
7089 19
7090 15
7091 12
7092 10
7093 8
7094 5
7095 15
7096 12
7097 10
7098 13
7099 14
7100 11
7101 11
7102 6
7103 11
7104 4
7105 8
7106 16
7107 10
7108 13
7109 7
7110 11
7111 13
7112 6
7113 8
7114 8
7115 9
7116 10
7117 9
7118 13
7119 8
7120 10
7121 8
7122 9
7123 13
7124 11
7125 11
7126 9
7127 16
7128 11
7129 17
7130 15
7131 8
7132 11
7133 13
7134 11
7135 8
7136 9
7137 12
7138 15
7139 12
7140 11
7141 18
7142 11
7143 9
7144 14
7145 7
7146 11
7147 19
7148 12
7149 7
7150 7
7151 16
7152 10
7153 12
7154 7
7155 16
7156 9
7157 13
7158 13
7159 17
7160 11
7161 9
7162 4
7163 15
7164 8
7165 10
7166 7
7167 6
7168 6
7169 7
7170 8
7171 6
7172 9
7173 10
7174 8
7175 14
7176 13
7177 6
7178 12
7179 12
7180 9
7181 12
7182 9
7183 10
7184 7
7185 10
7186 10
7187 11
7188 11
7189 10
7190 8
7191 12
7192 4
7193 14
7194 11
7195 9
7196 14
7197 7
7198 10
7199 8
7200 11
7201 7
7202 7
7203 11
7204 9
7205 13
7206 11
7207 11
7208 10
7209 9
7210 9
7211 8
7212 9
7213 17
7214 9
7215 10
7216 8
7217 16
7218 12
7219 10
7220 8
7221 14
7222 13
7223 9
7224 7
7225 11
7226 8
7227 11
7228 8
7229 14
7230 8
7231 11
7232 9
7233 18
7234 9
7235 7
7236 8
7237 10
7238 7
7239 8
7240 7
7241 13
7242 11
7243 8
7244 4
7245 12
7246 10
7247 8
7248 12
7249 9
7250 7
7251 12
7252 12
7253 9
7254 11
7255 15
7256 11
7257 11
7258 8
7259 12
7260 5
7261 8
7262 7
7263 16
7264 10
7265 6
7266 13
7267 13
7268 12
7269 14
7270 8
7271 13
7272 12
7273 12
7274 4
7275 4
7276 16
7277 5
7278 12
7279 5
7280 10
7281 9
7282 8
7283 8
7284 12
7285 9
7286 17
7287 11
7288 8
7289 10
7290 10
7291 9
7292 9
7293 12
7294 10
7295 8
7296 13
7297 8
7298 9
7299 11
7300 10
7301 14
7302 12
7303 11
7304 6
7305 12
7306 15
7307 12
7308 9
7309 8
7310 10
7311 6
7312 10
7313 12
7314 8
7315 10
7316 6
7317 11
7318 15
7319 14
7320 6
7321 8
7322 11
7323 9
7324 10
7325 9
7326 9
7327 11
7328 15
7329 9
7330 12
7331 12
7332 9
7333 11
7334 10
7335 12
7336 11
7337 15
7338 16
7339 9
7340 12
7341 9
7342 7
7343 11
7344 10
7345 14
7346 11
7347 14
7348 9
7349 7
7350 10
7351 9
7352 8
7353 12
7354 6
7355 7
7356 8
7357 10
7358 11
7359 14
7360 13
7361 15
7362 8
7363 11
7364 6
7365 9
7366 13
7367 16
7368 9
7369 16
7370 10
7371 7
7372 12
7373 8
7374 10
7375 16
7376 11
7377 14
7378 7
7379 10
7380 3
7381 17
7382 14
7383 7
7384 6
7385 18
7386 5
7387 15
7388 8
7389 15
7390 6
7391 9
7392 9
7393 8
7394 6
7395 11
7396 8
7397 7
7398 6
7399 14
7400 19
7401 11
7402 17
7403 8
7404 14
7405 9
7406 16
7407 9
7408 9
7409 12
7410 12
7411 12
7412 15
7413 7
7414 9
7415 10
7416 13
7417 16
7418 16
7419 14
7420 9
7421 9
7422 12
7423 13
7424 8
7425 15
7426 11
7427 11
7428 8
7429 7
7430 8
7431 10
7432 8
7433 7
7434 16
7435 8
7436 8
7437 9
7438 11
7439 8
7440 11
7441 17
7442 11
7443 9
7444 9
7445 15
7446 8
7447 16
7448 15
7449 9
7450 12
7451 13
7452 9
7453 10
7454 11
7455 6
7456 5
7457 7
7458 10
7459 10
7460 14
7461 8
7462 12
7463 7
7464 8
7465 10
7466 6
7467 5
7468 10
7469 10
7470 8
7471 16
7472 11
7473 8
7474 12
7475 4
7476 8
7477 12
7478 11
7479 10
7480 7
7481 16
7482 13
7483 7
7484 11
7485 6
7486 9
7487 7
7488 11
7489 10
7490 9
7491 7
7492 12
7493 13
7494 9
7495 10
7496 9
7497 5
7498 12
7499 14
7500 7
7501 4
7502 12
7503 8
7504 10
7505 12
7506 16
7507 11
7508 14
7509 6
7510 7
7511 3
7512 15
7513 12
7514 11
7515 10
7516 15
7517 8
7518 5
7519 10
7520 3
7521 10
7522 12
7523 9
7524 10
7525 7
7526 10
7527 7
7528 7
7529 10
7530 6
7531 13
7532 11
7533 11
7534 12
7535 14
7536 15
7537 13
7538 13
7539 11
7540 5
7541 9
7542 15
7543 6
7544 13
7545 17
7546 9
7547 12
7548 8
7549 8
7550 12
7551 6
7552 11
7553 15
7554 20
7555 15
7556 15
7557 7
7558 13
7559 13
7560 10
7561 12
7562 11
7563 15
7564 7
7565 10
7566 8
7567 6
7568 5
7569 17
7570 2
7571 10
7572 7
7573 9
7574 9
7575 12
7576 6
7577 11
7578 8
7579 4
7580 8
7581 10
7582 12
7583 16
7584 14
7585 11
7586 9
7587 11
7588 9
7589 11
7590 14
7591 13
7592 9
7593 9
7594 11
7595 5
7596 10
7597 8
7598 7
7599 8
7600 14
7601 8
7602 10
7603 9
7604 12
7605 12
7606 7
7607 12
7608 12
7609 10
7610 4
7611 4
7612 6
7613 10
7614 7
7615 16
7616 12
7617 5
7618 8
7619 13
7620 6
7621 15
7622 15
7623 10
7624 9
7625 8
7626 7
7627 14
7628 13
7629 11
7630 12
7631 9
7632 11
7633 6
7634 8
7635 11
7636 15
7637 11
7638 12
7639 11
7640 9
7641 8
7642 13
7643 10
7644 7
7645 12
7646 11
7647 12
7648 8
7649 5
7650 7
7651 15
7652 9
7653 15
7654 11
7655 9
7656 12
7657 7
7658 13
7659 8
7660 7
7661 9
7662 6
7663 10
7664 12
7665 13
7666 12
7667 10
7668 12
7669 10
7670 4
7671 8
7672 14
7673 8
7674 8
7675 8
7676 11
7677 12
7678 8
7679 14
7680 14
7681 9
7682 9
7683 6
7684 13
7685 4
7686 5
7687 10
7688 6
7689 13
7690 5
7691 12
7692 10
7693 10
7694 7
7695 11
7696 13
7697 12
7698 19
7699 12
7700 6
7701 11
7702 6
7703 11
7704 17
7705 12
7706 11
7707 9
7708 10
7709 10
7710 5
7711 6
7712 6
7713 10
7714 13
7715 9
7716 11
7717 10
7718 6
7719 6
7720 15
7721 8
7722 9
7723 14
7724 10
7725 8
7726 7
7727 13
7728 9
7729 10
7730 8
7731 8
7732 13
7733 12
7734 12
7735 12
7736 12
7737 7
7738 7
7739 5
7740 9
7741 15
7742 8
7743 10
7744 11
7745 9
7746 10
7747 15
7748 12
7749 7
7750 7
7751 9
7752 11
7753 4
7754 12
7755 10
7756 8
7757 7
7758 18
7759 14
7760 9
7761 5
7762 9
7763 14
7764 7
7765 13
7766 16
7767 15
7768 13
7769 9
7770 15
7771 15
7772 5
7773 11
7774 12
7775 10
7776 12
7777 10
7778 9
7779 13
7780 14
7781 10
7782 12
7783 8
7784 17
7785 8
7786 11
7787 17
7788 8
7789 12
7790 10
7791 12
7792 10
7793 7
7794 2
7795 10
7796 17
7797 13
7798 6
7799 10
7800 8
7801 8
7802 9
7803 17
7804 9
7805 7
7806 8
7807 7
7808 12
7809 8
7810 12
7811 10
7812 12
7813 6
7814 12
7815 11
7816 8
7817 9
7818 8
7819 12
7820 10
7821 12
7822 8
7823 14
7824 13
7825 11
7826 12
7827 12
7828 15
7829 10
7830 18
7831 8
7832 9
7833 12
7834 13
7835 5
7836 5
7837 8
7838 9
7839 9
7840 9
7841 7
7842 9
7843 7
7844 8
7845 13
7846 15
7847 8
7848 8
7849 10
7850 11
7851 9
7852 9
7853 8
7854 6
7855 14
7856 10
7857 7
7858 11
7859 11
7860 10
7861 14
7862 8
7863 12
7864 8
7865 10
7866 11
7867 6
7868 10
7869 9
7870 13
7871 17
7872 11
7873 10
7874 9
7875 9
7876 11
7877 5
7878 7
7879 10
7880 7
7881 6
7882 9
7883 6
7884 5
7885 10
7886 16
7887 4
7888 12
7889 8
7890 10
7891 12
7892 9
7893 8
7894 12
7895 14
7896 14
7897 5
7898 14
7899 10
7900 14
7901 5
7902 12
7903 8
7904 6
7905 10
7906 13
7907 10
7908 15
7909 16
7910 9
7911 12
7912 8
7913 5
7914 11
7915 13
7916 11
7917 13
7918 12
7919 4
7920 9
7921 8
7922 11
7923 16
7924 10
7925 9
7926 16
7927 18
7928 9
7929 8
7930 13
7931 14
7932 8
7933 7
7934 10
7935 12
7936 12
7937 9
7938 6
7939 9
7940 11
7941 9
7942 11
7943 13
7944 13
7945 11
7946 7
7947 14
7948 13
7949 12
7950 9
7951 10
7952 12
7953 19
7954 10
7955 8
7956 7
7957 8
7958 13
7959 11
7960 18
7961 10
7962 10
7963 13
7964 7
7965 16
7966 7
7967 11
7968 9
7969 12
7970 7
7971 4
7972 9
7973 5
7974 17
7975 8
7976 11
7977 9
7978 9
7979 8
7980 10
7981 13
7982 9
7983 13
7984 9
7985 6
7986 11
7987 9
7988 7
7989 10
7990 14
7991 10
7992 12
7993 9
7994 20
7995 11
7996 10
7997 19
7998 11
7999 12
8000 15
8001 13
8002 10
8003 4
8004 13
8005 16
8006 11
8007 8
8008 10
8009 9
8010 10
8011 15
8012 13
8013 10
8014 9
8015 5
8016 9
8017 7
8018 8
8019 12
8020 9
8021 8
8022 12
8023 13
8024 7
8025 16
8026 8
8027 9
8028 12
8029 8
8030 5
8031 17
8032 6
8033 15
8034 11
8035 8
8036 12
8037 7
8038 15
8039 12
8040 9
8041 14
8042 4
8043 17
8044 9
8045 10
8046 9
8047 7
8048 6
8049 12
8050 11
8051 9
8052 7
8053 11
8054 3
8055 7
8056 15
8057 21
8058 11
8059 10
8060 8
8061 9
8062 7
8063 6
8064 8
8065 9
8066 6
8067 4
8068 9
8069 9
8070 10
8071 10
8072 13
8073 8
8074 8
8075 8
8076 15
8077 8
8078 12
8079 8
8080 10
8081 13
8082 17
8083 18
8084 14
8085 15
8086 12
8087 9
8088 13
8089 15
8090 7
8091 16
8092 10
8093 6
8094 10
8095 14
8096 17
8097 7
8098 9
8099 8
8100 7
8101 12
8102 17
8103 13
8104 10
8105 8
8106 12
8107 7
8108 13
8109 7
8110 7
8111 12
8112 12
8113 10
8114 7
8115 11
8116 16
8117 10
8118 7
8119 12
8120 14
8121 10
8122 8
8123 5
8124 10
8125 9
8126 8
8127 14
8128 10
8129 16
8130 10
8131 6
8132 8
8133 18
8134 7
8135 10
8136 11
8137 11
8138 11
8139 8
8140 11
8141 15
8142 9
8143 7
8144 11
8145 8
8146 7
8147 9
8148 11
8149 14
8150 12
8151 13
8152 7
8153 11
8154 10
8155 8
8156 12
8157 13
8158 12
8159 7
8160 8
8161 7
8162 8
8163 11
8164 9
8165 13
8166 15
8167 6
8168 6
8169 9
8170 13
8171 7
8172 11
8173 9
8174 7
8175 10
8176 8
8177 13
8178 9
8179 9
8180 10
8181 10
8182 9
8183 9
8184 10
8185 9
8186 12
8187 7
8188 8
8189 9
8190 8
8191 10
8192 8
8193 9
8194 5
8195 9
8196 9
8197 9
8198 3
8199 11
8200 11
8201 6
8202 12
8203 7
8204 11
8205 11
8206 16
8207 8
8208 8
8209 7
8210 12
8211 11
8212 12
8213 9
8214 9
8215 12
8216 11
8217 9
8218 7
8219 9
8220 8
8221 6
8222 10
8223 6
8224 7
8225 12
8226 12
8227 11
8228 7
8229 12
8230 9
8231 14
8232 14
8233 12
8234 10
8235 10
8236 7
8237 9
8238 8
8239 7
8240 7
8241 11
8242 14
8243 9
8244 6
8245 5
8246 8
8247 10
8248 8
8249 10
8250 9
8251 13
8252 10
8253 9
8254 12
8255 9
8256 7
8257 8
8258 6
8259 8
8260 12
8261 12
8262 10
8263 12
8264 9
8265 6
8266 10
8267 10
8268 12
8269 16
8270 11
8271 11
8272 6
8273 8
8274 10
8275 7
8276 12
8277 5
8278 16
8279 16
8280 9
8281 11
8282 8
8283 15
8284 8
8285 10
8286 11
8287 10
8288 6
8289 9
8290 15
8291 7
8292 11
8293 13
8294 9
8295 10
8296 9
8297 11
8298 14
8299 8
8300 8
8301 7
8302 6
8303 14
8304 7
8305 8
8306 10
8307 14
8308 10
8309 6
8310 12
8311 14
8312 11
8313 6
8314 7
8315 5
8316 8
8317 5
8318 9
8319 11
8320 14
8321 11
8322 8
8323 9
8324 4
8325 9
8326 12
8327 12
8328 7
8329 11
8330 12
8331 11
8332 7
8333 11
8334 8
8335 12
8336 7
8337 12
8338 16
8339 11
8340 11
8341 10
8342 4
8343 13
8344 8
8345 7
8346 11
8347 6
8348 6
8349 8
8350 6
8351 14
8352 9
8353 15
8354 11
8355 11
8356 10
8357 8
8358 10
8359 14
8360 9
8361 10
8362 7
8363 8
8364 11
8365 8
8366 7
8367 14
8368 13
8369 10
8370 6
8371 15
8372 14
8373 10
8374 9
8375 7
8376 5
8377 11
8378 14
8379 16
8380 4
8381 9
8382 7
8383 7
8384 8
8385 13
8386 9
8387 8
8388 5
8389 14
8390 10
8391 14
8392 6
8393 7
8394 10
8395 16
8396 17
8397 12
8398 12
8399 14
8400 7
8401 12
8402 9
8403 7
8404 15
8405 9
8406 8
8407 18
8408 5
8409 15
8410 6
8411 8
8412 13
8413 16
8414 12
8415 8
8416 11
8417 13
8418 7
8419 10
8420 10
8421 10
8422 11
8423 10
8424 6
8425 10
8426 9
8427 10
8428 7
8429 10
8430 11
8431 6
8432 9
8433 11
8434 8
8435 11
8436 9
8437 11
8438 8
8439 8
8440 8
8441 10
8442 11
8443 14
8444 10
8445 8
8446 6
8447 10
8448 17
8449 9
8450 8
8451 8
8452 9
8453 6
8454 8
8455 5
8456 10
8457 12
8458 16
8459 5
8460 11
8461 9
8462 6
8463 11
8464 6
8465 14
8466 11
8467 11
8468 10
8469 8
8470 10
8471 10
8472 8
8473 6
8474 15
8475 11
8476 9
8477 12
8478 16
8479 7
8480 10
8481 5
8482 6
8483 5
8484 2
8485 6
8486 10
8487 5
8488 16
8489 9
8490 11
8491 9
8492 9
8493 5
8494 16
8495 11
8496 9
8497 12
8498 15
8499 10
8500 7
8501 10
8502 10
8503 5
8504 4
8505 10
8506 6
8507 13
8508 7
8509 13
8510 11
8511 14
8512 11
8513 9
8514 10
8515 14
8516 8
8517 9
8518 8
8519 10
8520 10
8521 15
8522 16
8523 13
8524 9
8525 10
8526 11
8527 16
8528 10
8529 10
8530 9
8531 10
8532 9
8533 7
8534 19
8535 15
8536 7
8537 14
8538 16
8539 4
8540 17
8541 12
8542 10
8543 13
8544 6
8545 5
8546 10
8547 16
8548 10
8549 15
8550 11
8551 10
8552 8
8553 10
8554 18
8555 12
8556 8
8557 13
8558 4
8559 12
8560 10
8561 9
8562 10
8563 7
8564 11
8565 10
8566 5
8567 11
8568 8
8569 12
8570 15
8571 8
8572 21
8573 11
8574 11
8575 11
8576 18
8577 16
8578 14
8579 11
8580 11
8581 5
8582 14
8583 14
8584 9
8585 8
8586 14
8587 12
8588 13
8589 14
8590 12
8591 5
8592 8
8593 10
8594 13
8595 12
8596 8
8597 14
8598 7
8599 9
8600 11
8601 8
8602 11
8603 15
8604 10
8605 12
8606 11
8607 9
8608 13
8609 12
8610 9
8611 10
8612 9
8613 11
8614 14
8615 11
8616 8
8617 13
8618 13
8619 8
8620 12
8621 9
8622 15
8623 9
8624 19
8625 9
8626 15
8627 5
8628 9
8629 11
8630 11
8631 11
8632 11
8633 10
8634 10
8635 12
8636 11
8637 10
8638 14
8639 9
8640 9
8641 11
8642 11
8643 12
8644 13
8645 11
8646 13
8647 4
8648 12
8649 13
8650 13
8651 12
8652 7
8653 10
8654 12
8655 5
8656 12
8657 5
8658 9
8659 8
8660 8
8661 9
8662 13
8663 7
8664 10
8665 9
8666 7
8667 5
8668 8
8669 13
8670 5
8671 10
8672 11
8673 15
8674 13
8675 8
8676 12
8677 11
8678 8
8679 12
8680 6
8681 15
8682 10
8683 6
8684 7
8685 10
8686 14
8687 3
8688 5
8689 9
8690 12
8691 10
8692 7
8693 15
8694 10
8695 12
8696 5
8697 8
8698 12
8699 6
8700 6
8701 14
8702 10
8703 12
8704 11
8705 5
8706 14
8707 14
8708 14
8709 10
8710 10
8711 12
8712 12
8713 11
8714 8
8715 8
8716 10
8717 9
8718 7
8719 15
8720 9
8721 10
8722 11
8723 8
8724 14
8725 4
8726 9
8727 9
8728 6
8729 11
8730 11
8731 6
8732 9
8733 8
8734 13
8735 11
8736 10
8737 21
8738 10
8739 14
8740 10
8741 11
8742 6
8743 14
8744 15
8745 6
8746 10
8747 11
8748 6
8749 9
8750 10
8751 12
8752 13
8753 7
8754 5
8755 7
8756 8
8757 8
8758 6
8759 8
8760 16
8761 10
8762 7
8763 5
8764 5
8765 12
8766 13
8767 8
8768 14
8769 8
8770 9
8771 13
8772 9
8773 10
8774 16
8775 11
8776 12
8777 8
8778 8
8779 8
8780 8
8781 11
8782 6
8783 10
8784 10
8785 12
8786 14
8787 8
8788 10
8789 16
8790 15
8791 6
8792 13
8793 15
8794 9
8795 8
8796 14
8797 8
8798 11
8799 11
8800 10
8801 9
8802 4
8803 6
8804 4
8805 8
8806 3
8807 7
8808 18
8809 8
8810 19
8811 9
8812 8
8813 17
8814 19
8815 12
8816 17
8817 9
8818 13
8819 19
8820 15
8821 7
8822 16
8823 7
8824 9
8825 8
8826 5
8827 12
8828 6
8829 10
8830 6
8831 14
8832 9
8833 16
8834 12
8835 5
8836 10
8837 12
8838 16
8839 13
8840 16
8841 8
8842 15
8843 7
8844 7
8845 16
8846 13
8847 11
8848 5
8849 4
8850 15
8851 13
8852 11
8853 13
8854 8
8855 6
8856 11
8857 12
8858 8
8859 12
8860 8
8861 9
8862 10
8863 12
8864 7
8865 10
8866 9
8867 9
8868 12
8869 4
8870 11
8871 16
8872 14
8873 9
8874 10
8875 11
8876 10
8877 8
8878 12
8879 10
8880 7
8881 13
8882 8
8883 5
8884 14
8885 8
8886 3
8887 9
8888 8
8889 13
8890 8
8891 15
8892 6
8893 11
8894 6
8895 13
8896 11
8897 15
8898 12
8899 12
8900 7
8901 11
8902 8
8903 12
8904 13
8905 12
8906 11
8907 9
8908 9
8909 11
8910 13
8911 10
8912 15
8913 11
8914 11
8915 7
8916 5
8917 11
8918 9
8919 11
8920 8
8921 14
8922 12
8923 13
8924 8
8925 9
8926 12
8927 7
8928 12
8929 11
8930 10
8931 9
8932 17
8933 10
8934 13
8935 7
8936 10
8937 9
8938 8
8939 12
8940 11
8941 8
8942 10
8943 8
8944 13
8945 13
8946 13
8947 7
8948 11
8949 16
8950 9
8951 9
8952 16
8953 11
8954 8
8955 11
8956 10
8957 15
8958 6
8959 16
8960 11
8961 10
8962 9
8963 6
8964 10
8965 9
8966 8
8967 10
8968 15
8969 6
8970 9
8971 10
8972 9
8973 9
8974 10
8975 8
8976 9
8977 9
8978 13
8979 15
8980 11
8981 7
8982 9
8983 9
8984 9
8985 8
8986 9
8987 13
8988 11
8989 10
8990 9
8991 7
8992 14
8993 8
8994 9
8995 9
8996 10
8997 7
8998 12
8999 11
9000 6
9001 12
9002 12
9003 7
9004 10
9005 12
9006 12
9007 12
9008 7
9009 11
9010 7
9011 13
9012 10
9013 11
9014 6
9015 8
9016 10
9017 11
9018 13
9019 9
9020 17
9021 6
9022 6
9023 14
9024 11
9025 10
9026 4
9027 10
9028 11
9029 11
9030 7
9031 13
9032 11
9033 12
9034 6
9035 16
9036 11
9037 12
9038 10
9039 11
9040 12
9041 10
9042 14
9043 16
9044 6
9045 6
9046 9
9047 19
9048 10
9049 6
9050 15
9051 14
9052 10
9053 8
9054 18
9055 4
9056 11
9057 8
9058 8
9059 8
9060 6
9061 14
9062 13
9063 14
9064 8
9065 10
9066 7
9067 10
9068 10
9069 10
9070 15
9071 9
9072 11
9073 13
9074 8
9075 11
9076 7
9077 8
9078 9
9079 15
9080 14
9081 9
9082 7
9083 10
9084 8
9085 14
9086 4
9087 14
9088 6
9089 10
9090 8
9091 6
9092 13
9093 9
9094 7
9095 12
9096 15
9097 6
9098 10
9099 10
9100 11
9101 5
9102 5
9103 5
9104 11
9105 11
9106 12
9107 5
9108 13
9109 9
9110 5
9111 13
9112 13
9113 22
9114 4
9115 7
9116 13
9117 10
9118 9
9119 14
9120 8
9121 7
9122 4
9123 14
9124 13
9125 11
9126 7
9127 10
9128 12
9129 12
9130 6
9131 16
9132 13
9133 16
9134 7
9135 15
9136 9
9137 4
9138 11
9139 9
9140 8
9141 12
9142 11
9143 8
9144 16
9145 23
9146 11
9147 13
9148 16
9149 8
9150 9
9151 4
9152 13
9153 5
9154 9
9155 14
9156 11
9157 9
9158 8
9159 12
9160 8
9161 7
9162 10
9163 14
9164 12
9165 6
9166 15
9167 9
9168 13
9169 5
9170 7
9171 11
9172 7
9173 12
9174 13
9175 12
9176 8
9177 8
9178 13
9179 10
9180 7
9181 16
9182 11
9183 10
9184 5
9185 10
9186 8
9187 10
9188 4
9189 10
9190 9
9191 11
9192 5
9193 12
9194 9
9195 15
9196 11
9197 8
9198 9
9199 11
9200 14
9201 8
9202 6
9203 10
9204 9
9205 7
9206 11
9207 11
9208 10
9209 5
9210 10
9211 13
9212 14
9213 8
9214 14
9215 8
9216 7
9217 10
9218 7
9219 11
9220 10
9221 4
9222 11
9223 3
9224 11
9225 13
9226 11
9227 12
9228 6
9229 9
9230 7
9231 14
9232 12
9233 7
9234 10
9235 11
9236 10
9237 8
9238 9
9239 6
9240 8
9241 16
9242 15
9243 9
9244 11
9245 8
9246 13
9247 9
9248 7
9249 11
9250 13
9251 12
9252 8
9253 14
9254 7
9255 11
9256 8
9257 12
9258 2
9259 11
9260 12
9261 6
9262 12
9263 12
9264 10
9265 4
9266 10
9267 7
9268 16
9269 14
9270 9
9271 10
9272 7
9273 8
9274 6
9275 8
9276 16
9277 7
9278 11
9279 9
9280 10
9281 12
9282 14
9283 8
9284 21
9285 12
9286 10
9287 12
9288 9
9289 7
9290 6
9291 5
9292 12
9293 6
9294 8
9295 5
9296 14
9297 10
9298 12
9299 9
9300 6
9301 12
9302 7
9303 11
9304 8
9305 13
9306 17
9307 13
9308 9
9309 6
9310 9
9311 10
9312 6
9313 9
9314 7
9315 20
9316 14
9317 15
9318 5
9319 10
9320 13
9321 8
9322 14
9323 8
9324 11
9325 15
9326 6
9327 9
9328 13
9329 11
9330 12
9331 7
9332 14
9333 8
9334 5
9335 11
9336 13
9337 13
9338 10
9339 13
9340 8
9341 9
9342 7
9343 8
9344 4
9345 9
9346 7
9347 7
9348 10
9349 8
9350 14
9351 13
9352 4
9353 10
9354 12
9355 9
9356 15
9357 11
9358 6
9359 5
9360 6
9361 7
9362 11
9363 7
9364 11
9365 6
9366 11
9367 15
9368 8
9369 10
9370 11
9371 5
9372 14
9373 12
9374 6
9375 15
9376 4
9377 11
9378 6
9379 8
9380 9
9381 9
9382 9
9383 10
9384 8
9385 10
9386 5
9387 8
9388 7
9389 14
9390 12
9391 9
9392 11
9393 12
9394 8
9395 10
9396 11
9397 13
9398 10
9399 9
9400 10
9401 8
9402 15
9403 7
9404 10
9405 9
9406 11
9407 16
9408 11
9409 11
9410 11
9411 11
9412 11
9413 8
9414 2
9415 15
9416 12
9417 16
9418 7
9419 10
9420 10
9421 10
9422 1
9423 16
9424 13
9425 7
9426 11
9427 9
9428 6
9429 12
9430 13
9431 13
9432 5
9433 16
9434 9
9435 11
9436 13
9437 11
9438 9
9439 9
9440 11
9441 6
9442 5
9443 8
9444 11
9445 5
9446 10
9447 12
9448 8
9449 8
9450 10
9451 15
9452 7
9453 11
9454 14
9455 11
9456 14
9457 11
9458 6
9459 9
9460 9
9461 18
9462 5
9463 8
9464 15
9465 12
9466 4
9467 10
9468 7
9469 11
9470 8
9471 15
9472 5
9473 5
9474 6
9475 9
9476 17
9477 12
9478 4
9479 6
9480 6
9481 9
9482 12
9483 8
9484 7
9485 19
9486 8
9487 10
9488 15
9489 9
9490 6
9491 14
9492 14
9493 12
9494 10
9495 8
9496 11
9497 4
9498 10
9499 12
9500 11
9501 10
9502 2
9503 10
9504 11
9505 10
9506 11
9507 11
9508 7
9509 10
9510 11
9511 4
9512 14
9513 10
9514 8
9515 10
9516 10
9517 10
9518 12
9519 14
9520 10
9521 14
9522 5
9523 14
9524 14
9525 7
9526 7
9527 11
9528 10
9529 10
9530 9
9531 14
9532 9
9533 17
9534 9
9535 15
9536 6
9537 7
9538 5
9539 9
9540 7
9541 17
9542 17
9543 14
9544 13
9545 10
9546 15
9547 15
9548 13
9549 9
9550 9
9551 16
9552 11
9553 14
9554 13
9555 14
9556 5
9557 15
9558 11
9559 9
9560 3
9561 10
9562 12
9563 11
9564 7
9565 15
9566 9
9567 5
9568 7
9569 12
9570 8
9571 13
9572 17
9573 11
9574 14
9575 7
9576 16
9577 7
9578 10
9579 9
9580 13
9581 14
9582 14
9583 11
9584 18
9585 3
9586 11
9587 10
9588 8
9589 11
9590 12
9591 7
9592 10
9593 6
9594 4
9595 16
9596 17
9597 11
9598 6
9599 11
9600 8
9601 12
9602 6
9603 10
9604 13
9605 8
9606 10
9607 8
9608 6
9609 5
9610 11
9611 8
9612 8
9613 9
9614 17
9615 12
9616 6
9617 14
9618 11
9619 12
9620 8
9621 13
9622 15
9623 10
9624 16
9625 15
9626 14
9627 8
9628 14
9629 6
9630 11
9631 7
9632 13
9633 12
9634 12
9635 13
9636 14
9637 14
9638 8
9639 12
9640 7
9641 14
9642 12
9643 13
9644 8
9645 13
9646 12
9647 7
9648 9
9649 10
9650 10
9651 7
9652 9
9653 9
9654 13
9655 9
9656 6
9657 12
9658 6
9659 10
9660 8
9661 15
9662 15
9663 7
9664 17
9665 11
9666 11
9667 11
9668 4
9669 15
9670 11
9671 11
9672 12
9673 10
9674 10
9675 19
9676 6
9677 10
9678 11
9679 12
9680 11
9681 11
9682 4
9683 9
9684 10
9685 7
9686 8
9687 11
9688 16
9689 13
9690 10
9691 11
9692 9
9693 8
9694 12
9695 6
9696 8
9697 7
9698 8
9699 13
9700 11
9701 10
9702 13
9703 6
9704 9
9705 16
9706 10
9707 9
9708 10
9709 12
9710 7
9711 10
9712 10
9713 5
9714 7
9715 9
9716 5
9717 16
9718 7
9719 12
9720 8
9721 9
9722 9
9723 11
9724 9
9725 8
9726 13
9727 9
9728 10
9729 11
9730 6
9731 9
9732 7
9733 10
9734 13
9735 8
9736 10
9737 12
9738 9
9739 7
9740 12
9741 6
9742 9
9743 14
9744 9
9745 9
9746 12
9747 11
9748 9
9749 7
9750 9
9751 16
9752 6
9753 5
9754 10
9755 7
9756 10
9757 8
9758 12
9759 15
9760 10
9761 9
9762 13
9763 12
9764 12
9765 10
9766 9
9767 12
9768 12
9769 7
9770 9
9771 7
9772 14
9773 18
9774 9
9775 13
9776 11
9777 13
9778 6
9779 6
9780 13
9781 10
9782 9
9783 7
9784 8
9785 16
9786 9
9787 12
9788 8
9789 10
9790 12
9791 8
9792 3
9793 5
9794 5
9795 13
9796 9
9797 10
9798 12
9799 12
9800 13
9801 15
9802 9
9803 14
9804 10
9805 3
9806 12
9807 8
9808 5
9809 12
9810 12
9811 7
9812 8
9813 9
9814 8
9815 13
9816 11
9817 7
9818 8
9819 13
9820 8
9821 5
9822 8
9823 10
9824 11
9825 12
9826 10
9827 8
9828 9
9829 10
9830 9
9831 9
9832 7
9833 10
9834 11
9835 13
9836 12
9837 10
9838 12
9839 5
9840 12
9841 13
9842 8
9843 15
9844 11
9845 7
9846 15
9847 11
9848 11
9849 9
9850 7
9851 10
9852 14
9853 11
9854 13
9855 7
9856 8
9857 10
9858 11
9859 9
9860 8
9861 8
9862 9
9863 9
9864 4
9865 17
9866 9
9867 13
9868 9
9869 12
9870 11
9871 9
9872 6
9873 11
9874 9
9875 14
9876 9
9877 11
9878 6
9879 10
9880 11
9881 8
9882 9
9883 7
9884 10
9885 12
9886 10
9887 6
9888 7
9889 10
9890 4
9891 13
9892 10
9893 18
9894 13
9895 6
9896 11
9897 11
9898 9
9899 9
9900 8
9901 7
9902 8
9903 8
9904 4
9905 14
9906 11
9907 13
9908 9
9909 10
9910 8
9911 5
9912 13
9913 10
9914 12
9915 8
9916 12
9917 14
9918 13
9919 13
9920 6
9921 11
9922 10
9923 16
9924 11
9925 11
9926 10
9927 7
9928 12
9929 9
9930 9
9931 15
9932 2
9933 11
9934 8
9935 14
9936 4
9937 10
9938 10
9939 8
9940 9
9941 8
9942 11
9943 11
9944 8
9945 8
9946 4
9947 6
9948 5
9949 10
9950 15
9951 10
9952 12
9953 5
9954 6
9955 9
9956 21
9957 8
9958 8
9959 7
9960 15
9961 12
9962 6
9963 13
9964 6
9965 12
9966 9
9967 9
9968 9
9969 7
9970 12
9971 14
9972 14
9973 4
9974 8
9975 11
9976 13
9977 10
9978 9
9979 5
9980 9
9981 6
9982 10
9983 8
9984 7
9985 11
9986 12
9987 7
9988 10
9989 11
9990 10
9991 11
9992 13
9993 11
9994 10
9995 9
9996 10
9997 10
9998 7
9999 6
